Model Status: 2
Min_Obj: 241
******** Sol no.1    Obj = 241    Offline = 240    Online = 241    Data = 241    Memory = 232 ********
******** Deg = 33    Key = 27    Plaintext Difference = 8 ********
******** K_off = 25    K_cup = 51    Key_sieve = 3 ********
******** Num_structures = 177    Pr_td = 38 ********
A = [ 12 13 15 ]    B = [ 4 9 18 23 ]
---------- Var Z ----------
Z_non_linear[1]
0 0 0 1 0 0 0 0 
0 0 0 1 0 0 0 0 
0 0 0 0 0 0 0 0 
0 0 0 0 0 0 0 0 
-- (MC) ->
Z_linear[2]
0 0 0 1 0 0 0 0 
0 0 0 1 0 0 0 0 
0 0 0 0 0 0 0 0 
0 0 0 1 0 0 0 0 
-- (ARK, SB, SR) ->
Z_non_linear[2]
0 0 0 1 0 0 0 0 
0 0 1 0 0 0 0 0 
0 0 0 0 0 0 0 0 
0 0 0 0 0 0 0 1 
-- (MC) ->
Z_linear[3]
0 0 1 1 0 0 0 1 
0 0 1 1 0 0 0 1 
0 0 1 1 0 0 0 1 
0 0 1 1 0 0 0 1 
-- (ARK, SB, SR) ->
Z_non_linear[3]
0 0 1 1 0 0 0 1 
0 1 1 0 0 0 1 0 
1 0 0 0 1 0 0 1 
0 0 0 1 0 0 1 1 
-- (MC) ->
Z_linear[4]
1 1 1 1 1 0 1 1 
1 1 1 1 1 0 1 1 
1 1 1 1 1 0 1 1 
1 1 1 1 1 0 1 1 
-- (ARK, SB, SR) ->
Z_non_linear[4]
1 1 1 1 1 0 1 1 
1 1 1 1 0 1 1 1 
1 1 0 1 1 1 1 1 
1 0 1 1 1 1 1 1 
-- (MC) ->
Z_linear[5]
0 1 1 0 1 1 0 0 
0 0 1 1 0 1 1 0 
1 0 0 0 1 1 0 1 
1 1 0 0 0 1 1 0 
-- (ARK, SB, SR) ->
Z_non_linear[5]
0 1 1 0 1 1 0 0 
0 1 1 0 1 1 0 0 
0 1 1 0 1 1 0 0 
0 1 1 0 1 1 0 0 
-- (MC) ->
Z_linear[6]
0 1 0 0 0 0 0 0 
0 0 1 0 0 0 0 0 
0 0 0 0 1 0 0 0 
0 0 0 0 0 1 0 0 
-- (ARK, SB, SR) ->
Z_non_linear[6]
0 1 0 0 0 0 0 0 
0 1 0 0 0 0 0 0 
0 1 0 0 0 0 0 0 
0 1 0 0 0 0 0 0 
-- (MC) ->
Z_linear[7]
0 0 0 0 0 0 0 0 
0 0 0 0 0 0 0 0 
0 1 0 0 0 0 0 0 
0 0 0 0 0 0 0 0 
---------- Var X ----------
X_non_linear[1]
0 0 0 1 0 0 0 0 
0 0 0 1 0 0 0 0 
0 0 0 0 0 0 0 0 
0 0 0 0 0 0 0 0 
-- (MC) ->
X_linear[2]
0 0 0 1 0 0 0 0 
0 0 0 1 0 0 0 0 
0 0 0 0 0 0 0 0 
0 0 0 1 0 0 0 0 
-- (ARK, SB, SR) ->
X_non_linear[2]
0 0 0 1 0 0 0 0 
0 0 1 0 0 0 0 0 
0 0 0 0 0 0 0 0 
0 0 0 0 0 0 0 1 
-- (MC) ->
X_linear[3]
0 0 1 1 0 0 0 1 
0 0 1 1 0 0 0 1 
0 0 1 1 0 0 0 1 
0 0 1 1 0 0 0 1 
-- (ARK, SB, SR) ->
X_non_linear[3]
0 0 1 1 0 0 0 1 
0 1 1 0 0 0 1 0 
1 0 0 0 1 0 0 1 
0 0 0 1 0 0 1 1 
-- (MC) ->
X_linear[4]
1 1 1 1 1 0 1 1 
1 1 1 1 1 0 1 1 
1 1 1 1 1 0 1 1 
1 1 1 1 1 0 1 1 
-- (ARK, SB, SR) ->
X_non_linear[4]
1 1 1 1 1 0 1 1 
1 1 1 1 0 1 1 1 
1 1 0 1 1 1 1 1 
1 0 1 1 1 1 1 1 
-- (MC) ->
X_linear[5]
1 1 1 1 1 1 1 1 
1 1 1 1 1 1 1 1 
1 1 1 1 1 1 1 1 
1 1 1 1 1 1 1 1 
-- (ARK, SB, SR) ->
X_non_linear[5]
1 1 1 1 1 1 1 1 
1 1 1 1 1 1 1 1 
1 1 1 1 1 1 1 1 
1 1 1 1 1 1 1 1 
-- (MC) ->
X_linear[6]
1 1 1 1 1 1 1 1 
1 1 1 1 1 1 1 1 
1 1 1 1 1 1 1 1 
1 1 1 1 1 1 1 1 
-- (ARK, SB, SR) ->
X_non_linear[6]
1 1 1 1 1 1 1 1 
1 1 1 1 1 1 1 1 
1 1 1 1 1 1 1 1 
1 1 1 1 1 1 1 1 
---------- Var Y ----------
Y_linear[2]
1 1 1 1 1 1 1 1 
1 1 1 1 1 1 1 1 
1 1 1 1 1 1 1 1 
1 1 1 1 1 1 1 1 
-- (ARK, SB, SR) ->
Y_non_linear[2]
1 1 1 1 1 1 1 1 
1 1 1 1 1 1 1 1 
1 1 1 1 1 1 1 1 
1 1 1 1 1 1 1 1 
-- (MC) ->
Y_linear[3]
1 1 1 1 1 1 1 1 
1 1 1 1 1 1 1 1 
1 1 1 1 1 1 1 1 
1 1 1 1 1 1 1 1 
-- (ARK, SB, SR) ->
Y_non_linear[3]
1 1 1 1 1 1 1 1 
1 1 1 1 1 1 1 1 
1 1 1 1 1 1 1 1 
1 1 1 1 1 1 1 1 
-- (MC) ->
Y_linear[4]
1 1 1 1 1 1 1 1 
1 1 1 1 1 1 1 1 
1 1 1 1 1 1 1 1 
1 1 1 1 1 1 1 1 
-- (ARK, SB, SR) ->
Y_non_linear[4]
1 1 1 1 1 1 1 1 
1 1 1 1 1 1 1 1 
1 1 1 1 1 1 1 1 
1 1 1 1 1 1 1 1 
-- (MC) ->
Y_linear[5]
0 1 1 0 1 1 0 0 
0 0 1 1 0 1 1 0 
1 0 0 0 1 1 0 1 
1 1 0 0 0 1 1 0 
-- (ARK, SB, SR) ->
Y_non_linear[5]
0 1 1 0 1 1 0 0 
0 1 1 0 1 1 0 0 
0 1 1 0 1 1 0 0 
0 1 1 0 1 1 0 0 
-- (MC) ->
Y_linear[6]
0 1 0 0 0 0 0 0 
0 0 1 0 0 0 0 0 
0 0 0 0 1 0 0 0 
0 0 0 0 0 1 0 0 
-- (ARK, SB, SR) ->
Y_non_linear[6]
0 1 0 0 0 0 0 0 
0 1 0 0 0 0 0 0 
0 1 0 0 0 0 0 0 
0 1 0 0 0 0 0 0 
-- (MC) ->
Y_linear[7]
0 0 0 0 0 0 0 0 
0 0 0 0 0 0 0 0 
0 1 0 0 0 0 0 0 
0 0 0 0 0 0 0 0 
---------- Var M ----------
M_linear[0]
0 0 0 1 1 0 0 0 
0 0 0 0 1 1 0 0 
0 0 0 0 0 0 1 1 
1 0 0 0 0 0 0 1 
-- (ARK, SB, SR) ->
M_non_linear[0]
0 0 0 1 1 0 0 0 
0 0 0 1 1 0 0 0 
0 0 0 1 1 0 0 0 
0 0 0 1 1 0 0 0 
-- (MC) ->
M_linear[1]
0 0 0 1 0 0 0 0 
0 0 0 0 1 0 0 0 
0 0 0 0 0 0 0 0 
0 0 0 0 0 0 0 0 
-- (ARK, SB, SR) ->
M_non_linear[1]
0 0 0 1 0 0 0 0 
0 0 0 1 0 0 0 0 
0 0 0 0 0 0 0 0 
0 0 0 0 0 0 0 0 
---------- Var W ----------
W_linear[7]
0 0 0 0 0 0 0 0 
0 0 0 0 0 0 0 0 
0 1 0 0 0 0 0 0 
0 0 0 0 0 0 0 0 
-- (ARK, SB, SR) ->
W_non_linear[7]
0 0 0 0 0 0 0 0 
0 0 0 0 0 0 0 0 
0 0 0 0 0 0 1 0 
0 0 0 0 0 0 0 0 
-- (MC) ->
W_linear[8]
0 0 0 0 0 0 1 0 
0 0 0 0 0 0 1 0 
0 0 0 0 0 0 1 0 
0 0 0 0 0 0 1 0 
-- (ARK, SB, SR) ->
W_non_linear[8]
0 0 0 0 0 0 1 0 
0 0 0 0 0 1 0 0 
0 0 0 1 0 0 0 0 
0 0 1 0 0 0 0 0 
-- (MC) ->
W_linear[9]
0 0 1 1 0 1 1 0 
0 0 1 1 0 1 1 0 
0 0 1 1 0 1 1 0 
0 0 1 1 0 1 1 0 
-- (ARK, SB, SR) ->
W_non_linear[9]
0 0 1 1 0 1 1 0 
0 1 1 0 1 1 0 0 
1 0 1 1 0 0 0 1 
0 1 1 0 0 0 1 1 
-- (MC) ->
W_linear[10]
1 1 1 1 1 1 1 1 
1 1 1 1 1 1 1 1 
1 1 1 1 1 1 1 1 
1 1 1 1 1 1 1 1 
---------- Var k_dist ----------
k_dist_linear[3]
0 0 0 0 0 0 0 0 
0 0 0 0 0 0 0 0 
0 0 0 0 0 0 0 0 
0 0 0 0 0 0 0 0 
k_dist_linear[4]
0 0 0 0 0 0 0 0 
0 0 0 0 0 0 0 0 
0 0 0 0 0 0 0 0 
0 0 0 0 0 0 0 0 
k_dist_linear[5]
0 0 0 0 0 0 0 0 
0 0 0 1 0 0 1 0 
1 0 0 0 0 0 0 1 
1 0 0 0 0 0 1 0 
k_dist_linear[6]
0 1 0 0 0 0 0 0 
0 0 1 0 0 0 0 0 
0 0 0 0 1 0 0 0 
0 0 0 0 0 1 0 0 
---------- Var u_dist ----------
u_dist_linear[3]
0 0 0 1 0 0 0 0 
0 0 1 0 0 0 0 0 
0 0 0 0 0 0 0 0 
0 0 0 0 0 0 0 1 
u_dist_linear[4]
0 0 1 1 0 0 0 1 
0 1 1 0 0 0 1 0 
1 0 0 0 1 0 0 1 
0 0 0 1 0 0 1 1 
u_dist_linear[5]
0 0 0 0 0 0 0 0 
0 0 0 0 0 1 0 0 
0 0 0 0 0 1 0 0 
0 0 0 0 0 1 0 0 
u_dist_linear[6]
0 0 0 0 0 0 0 0 
0 0 0 0 0 0 0 0 
0 0 0 0 0 0 0 0 
0 0 0 0 0 0 0 0 
