Model Status: 2
Min_Obj: 208
******** Sol no.1    Obj = 208    Offline = 208    Online = 208    Data = 64    Memory = 208 ********
******** Deg = 32    Key = 26    Plaintext Difference = 8 ********
******** Val_Con = 6    Kg1 = 20    Kg2 = 18    St = 0    Kt = 0    St1 = 0 ********
******** K_off = 4    K_cup = 30    Key_sieve = 0 ********
A = [ 16 18 19 ]    B = [ 24 ]
---------- Var Z ----------
Z_linear[2]
0 0 0 0 1 0 0 0 
0 0 0 0 0 0 0 0 
0 0 0 0 1 0 0 0 
0 0 0 0 1 0 0 0 
Z_linear[3]
1 1 0 0 1 0 0 0 
1 1 0 0 1 0 0 0 
1 1 0 0 1 0 0 0 
1 1 0 0 1 0 0 0 
Z_linear[4]
0 1 0 0 0 0 1 1 
1 0 0 1 0 0 0 1 
0 1 0 0 1 1 0 0 
0 0 0 1 0 1 1 0 
Z_linear[5]
0 0 0 0 0 0 1 0 
0 0 0 0 0 0 0 1 
0 1 0 0 0 0 0 0 
0 0 1 0 0 0 0 0 
Z_linear[6]
0 0 0 0 0 0 1 0 
0 0 0 0 0 0 0 0 
0 0 0 0 0 0 0 0 
0 0 0 0 0 0 0 0 
---------- Var X ----------
X_non_linear[1]
0 0 0 0 0 0 0 0 
0 0 0 0 1 0 0 0 
0 0 0 0 0 0 0 0 
0 0 0 0 1 0 0 0 
-- (MC) ->
X_linear[2]
0 0 0 0 1 0 0 0 
0 0 0 0 0 0 0 0 
0 0 0 0 1 0 0 0 
0 0 0 0 1 0 0 0 
-- (ARK, SB, SR) ->
X_non_linear[2]
0 0 0 0 1 0 0 0 
0 0 0 0 0 0 0 0 
0 1 0 0 0 0 0 0 
1 0 0 0 0 0 0 0 
-- (MC) ->
X_linear[3]
1 1 0 0 1 0 0 0 
1 1 0 0 1 0 0 0 
1 1 0 0 1 0 0 0 
1 1 0 0 1 0 0 0 
-- (ARK, SB, SR) ->
X_non_linear[3]
1 1 0 0 1 0 0 0 
1 0 0 1 0 0 0 1 
0 1 0 0 0 1 1 0 
1 0 0 0 1 1 0 0 
-- (MC) ->
X_linear[4]
1 1 0 1 1 1 1 1 
1 1 0 1 1 1 1 1 
1 1 0 1 1 1 1 1 
1 1 0 1 1 1 1 1 
-- (ARK, SB, SR) ->
X_non_linear[4]
1 1 0 1 1 1 1 1 
1 0 1 1 1 1 1 1 
1 1 1 1 1 1 1 0 
1 1 1 1 1 1 0 1 
-- (MC) ->
X_linear[5]
1 1 1 1 1 1 1 1 
1 1 1 1 1 1 1 1 
1 1 1 1 1 1 1 1 
1 1 1 1 1 1 1 1 
-- (ARK, SB, SR) ->
X_non_linear[5]
1 1 1 1 1 1 1 1 
1 1 1 1 1 1 1 1 
1 1 1 1 1 1 1 1 
1 1 1 1 1 1 1 1 
-- (MC) ->
X_linear[6]
1 1 1 1 1 1 1 1 
1 1 1 1 1 1 1 1 
1 1 1 1 1 1 1 1 
1 1 1 1 1 1 1 1 
-- (ARK, SB, SR) ->
X_non_linear[6]
1 1 1 1 1 1 1 1 
1 1 1 1 1 1 1 1 
1 1 1 1 1 1 1 1 
1 1 1 1 1 1 1 1 
---------- Var Y ----------
Y_linear[2]
1 1 1 1 1 1 1 1 
1 1 1 1 1 1 1 1 
1 1 1 1 1 1 1 1 
1 1 1 1 1 1 1 1 
-- (ARK, SB, SR) ->
Y_non_linear[2]
1 1 1 1 1 1 1 1 
1 1 1 1 1 1 1 1 
1 1 1 1 1 1 1 1 
1 1 1 1 1 1 1 1 
-- (MC) ->
Y_linear[3]
1 1 1 1 1 1 1 1 
1 1 1 1 1 1 1 1 
1 1 1 1 1 1 1 1 
1 1 1 1 1 1 1 1 
-- (ARK, SB, SR) ->
Y_non_linear[3]
1 1 1 1 1 1 1 1 
1 1 1 1 1 1 1 1 
1 1 1 1 1 1 1 1 
1 1 1 1 1 1 1 1 
-- (MC) ->
Y_linear[4]
0 1 1 0 0 0 1 1 
1 0 1 1 0 0 0 1 
0 1 1 0 1 1 0 0 
0 0 1 1 0 1 1 0 
-- (ARK, SB, SR) ->
Y_non_linear[4]
0 1 1 0 0 0 1 1 
0 1 1 0 0 0 1 1 
0 1 1 0 0 0 1 1 
0 1 1 0 0 0 1 1 
-- (MC) ->
Y_linear[5]
0 0 0 0 0 0 1 0 
0 0 0 0 0 0 0 1 
0 1 0 0 0 0 0 0 
0 0 1 0 0 0 0 0 
-- (ARK, SB, SR) ->
Y_non_linear[5]
0 0 0 0 0 0 1 0 
0 0 0 0 0 0 1 0 
0 0 0 0 0 0 1 0 
0 0 0 0 0 0 1 0 
-- (MC) ->
Y_linear[6]
0 0 0 0 0 0 1 0 
0 0 0 0 0 0 0 0 
0 0 0 0 0 0 0 0 
0 0 0 0 0 0 0 0 
-- (ARK, SB, SR) ->
Y_non_linear[6]
0 0 0 0 0 0 1 0 
0 0 0 0 0 0 0 0 
0 0 0 0 0 0 0 0 
0 0 0 0 0 0 0 0 
-- (MC) ->
Y_linear[7]
0 0 0 0 0 0 1 0 
0 0 0 0 0 0 1 0 
0 0 0 0 0 0 1 0 
0 0 0 0 0 0 1 0 
---------- Var M ----------
M_linear[0]
1 0 0 0 0 1 0 0 
0 1 0 0 0 0 1 0 
1 0 0 1 0 0 0 0 
0 1 0 0 1 0 0 0 
-- (ARK, SB, SR) ->
M_non_linear[0]
1 0 0 0 0 1 0 0 
1 0 0 0 0 1 0 0 
1 0 0 0 0 1 0 0 
1 0 0 0 0 1 0 0 
-- (MC) ->
M_linear[1]
0 0 0 0 0 0 0 0 
0 0 0 0 0 1 0 0 
0 0 0 0 0 0 0 0 
1 0 0 0 0 0 0 0 
-- (ARK, SB, SR) ->
M_non_linear[1]
0 0 0 0 0 0 0 0 
0 0 0 0 1 0 0 0 
0 0 0 0 0 0 0 0 
0 0 0 0 1 0 0 0 
---------- Var W ----------
W_linear[7]
0 0 0 0 0 0 1 0 
0 0 0 0 0 0 1 0 
0 0 0 0 0 0 1 0 
0 0 0 0 0 0 1 0 
-- (ARK, SB, SR) ->
W_non_linear[7]
0 0 0 0 0 0 1 0 
0 0 0 0 0 1 0 0 
0 0 0 1 0 0 0 0 
0 0 1 0 0 0 0 0 
-- (MC) ->
W_linear[8]
0 0 1 1 0 1 1 0 
0 0 1 1 0 1 1 0 
0 0 1 1 0 1 1 0 
0 0 1 1 0 1 1 0 
-- (ARK, SB, SR) ->
W_non_linear[8]
0 0 1 1 0 1 1 0 
0 1 1 0 1 1 0 0 
1 0 1 1 0 0 0 1 
0 1 1 0 0 0 1 1 
-- (MC) ->
W_linear[9]
1 1 1 1 1 1 1 1 
1 1 1 1 1 1 1 1 
1 1 1 1 1 1 1 1 
1 1 1 1 1 1 1 1 
---------- Var D1 ----------
D1_linear[7]
0 0 0 0 0 0 0 0 
0 0 0 0 0 0 0 0 
0 0 0 0 0 0 1 0 
0 0 0 0 0 0 1 0 
-- (ARK, SB, SR) ->
D1_non_linear[7]
0 0 1 1 0 0 0 0 
0 0 1 1 0 0 0 0 
0 0 1 1 0 0 0 0 
0 0 1 1 0 0 0 0 
-- (MC) ->
D1_linear[8]
0 0 1 1 0 0 0 0 
0 0 1 1 0 0 0 0 
0 0 1 1 0 0 0 0 
0 0 1 1 0 0 0 0 
-- (ARK, SB, SR) ->
D1_non_linear[8]
1 1 1 1 1 1 1 1 
1 1 1 1 1 1 1 1 
1 1 1 1 1 1 1 1 
1 1 1 1 1 1 1 1 
-- (MC) ->
D1_linear[9]
1 1 1 1 1 1 1 1 
1 1 1 1 1 1 1 1 
1 1 1 1 1 1 1 1 
1 1 1 1 1 1 1 1 
---------- Var D2 ----------
D2_linear[7]
0 0 0 0 0 0 1 0 
0 0 0 0 0 0 1 0 
0 0 0 0 0 0 0 0 
0 0 0 0 0 0 0 0 
-- (ARK, SB, SR) ->
D2_non_linear[7]
0 0 0 0 0 1 1 0 
0 0 0 0 0 1 1 0 
0 0 0 0 0 1 1 0 
0 0 0 0 0 1 1 0 
-- (MC) ->
D2_linear[8]
0 0 0 0 0 1 1 0 
0 0 0 0 0 1 1 0 
0 0 0 0 0 1 1 0 
0 0 0 0 0 1 1 0 
-- (ARK, SB, SR) ->
D2_non_linear[8]
1 1 1 1 1 1 1 1 
1 1 1 1 1 1 1 1 
1 1 1 1 1 1 1 1 
1 1 1 1 1 1 1 1 
-- (MC) ->
D2_linear[9]
1 1 1 1 1 1 1 1 
1 1 1 1 1 1 1 1 
1 1 1 1 1 1 1 1 
1 1 1 1 1 1 1 1 
---------- Var H ----------
H_linear[7]
0 0 0 0 0 0 0 0 
0 0 0 0 0 0 0 0 
0 0 0 0 0 0 0 0 
0 0 0 0 0 0 0 0 
-- (ARK, SB, SR) ->
H_non_linear[7]
0 0 0 0 0 0 0 0 
0 0 0 0 0 0 0 0 
0 0 0 0 0 0 0 0 
0 0 0 0 0 0 0 0 
-- (MC) ->
H_linear[8]
0 0 0 0 0 0 0 0 
0 0 0 0 0 0 0 0 
0 0 0 0 0 0 0 0 
0 0 0 0 0 0 0 0 
-- (ARK, SB, SR) ->
H_non_linear[8]
0 0 0 0 0 0 0 0 
0 0 0 0 0 0 0 0 
0 0 0 0 0 0 0 0 
0 0 0 0 0 0 0 0 
-- (MC) ->
H_linear[9]
0 0 0 0 0 0 0 0 
0 0 0 0 0 0 0 0 
0 0 0 0 0 0 0 0 
0 0 0 0 0 0 0 0 
---------- Key D1 ----------
Key D1[7]
0 0 0 0 0 0 0 0 
0 0 0 0 0 0 0 0 
0 0 0 1 0 0 0 0 
0 0 1 0 0 0 0 0 
Key D1[8]
0 0 1 1 0 0 0 0 
0 1 1 0 0 0 0 0 
1 0 0 0 0 0 0 1 
0 0 0 0 0 0 1 1 
---------- Key D2 ----------
Key D2[7]
0 0 0 0 0 0 1 0 
0 0 0 0 0 1 0 0 
0 0 0 0 0 0 0 0 
0 0 0 0 0 0 0 0 
Key D2[8]
0 0 0 0 0 1 1 0 
0 0 0 0 1 1 0 0 
0 0 1 1 0 0 0 0 
0 1 1 0 0 0 0 0 
---------- Key H ----------
Key H[7]
0 0 0 0 0 0 0 0 
0 0 0 0 0 0 0 0 
0 0 0 0 0 0 0 0 
0 0 0 0 0 0 0 0 
Key H[8]
0 0 0 0 0 0 0 0 
0 0 0 0 0 0 0 0 
0 0 0 0 0 0 0 0 
0 0 0 0 0 0 0 0 
---------- Var k_dist ----------
k_dist_linear[3]
0 0 0 0 0 0 0 0 
0 0 0 0 0 0 0 0 
0 0 0 0 0 0 0 0 
0 0 0 0 0 0 0 0 
k_dist_linear[4]
0 0 0 0 0 0 0 0 
0 0 0 0 0 0 0 0 
0 0 0 0 0 0 0 0 
0 0 0 0 0 0 0 0 
k_dist_linear[5]
0 0 0 0 0 0 0 0 
0 0 0 0 0 0 0 0 
0 0 0 0 0 0 0 0 
0 0 0 0 0 0 0 0 
k_dist_linear[6]
0 0 0 0 0 0 1 0 
0 0 0 0 0 0 0 0 
0 0 0 0 0 0 0 0 
0 0 0 0 0 0 0 0 
---------- Var u_dist ----------
u_dist_linear[3]
0 0 0 0 1 0 0 0 
0 0 0 0 0 0 0 0 
0 1 0 0 0 0 0 0 
1 0 0 0 0 0 0 0 
u_dist_linear[4]
0 0 0 0 0 0 0 0 
0 0 0 0 0 0 0 0 
0 0 0 0 0 0 0 0 
0 0 0 0 0 0 0 0 
u_dist_linear[5]
0 0 0 0 0 0 0 0 
0 0 0 0 0 0 0 0 
0 0 0 0 0 0 0 0 
0 0 0 0 0 0 0 0 
u_dist_linear[6]
0 0 0 0 0 0 0 0 
0 0 0 0 0 0 0 0 
0 0 0 0 0 0 0 0 
0 0 0 0 0 0 0 0 
