Model Status: 2
Min_Obj: 63
******** Sol no.1    Time = 63 (Offline = 66, Online = 60)    Data = 22 ********
******** Deg = 69    Size_A = 7    Plain_diff = 22 ********
******** Size_B = 1    Dist_range = 58 ********
******** Key_guess = 53    Key_bridge = 0    Key_space = 53    Key_M_count = 8    Key_W_count = 45 ********
******** Val_Con = 10    Kg = 64    Kg1 = 35    Kg2 = 29    Kbg1 = 43    Kbg2 = 37    Kt = 2    St = 49 ********
******** Svt = 7    Sdt = 4    Svt1 = 5    Sdt1 = 3 ********
A = [ 9 11 17 19 24 25 26 ]    B = [ 14 ]
---------- Var Z ----------
Z[2]
1 0 1 0 1 0 0 0 0 0 0 0 0 0 0 0

Z[3]
1 1 1 1 0 0 0 0 1 0 1 0 1 0 1 1

Z[4]
1 1 1 0 1 0 1 1 1 1 1 1 1 1 1 1

Z[5]
1 1 1 1 1 0 1 1 1 1 1 1 1 1 1 1

Z[6]
1 1 1 0 1 1 0 1 1 1 1 1 1 0 1 0

Z[7]
1 1 1 1 0 0 1 0 1 1 1 0 0 0 0 1

Z[8]
1 1 0 0 0 0 0 1 1 0 0 0 0 0 1 0

Z[9]
0 0 0 0 0 0 1 0 0 0 0 0 0 0 0 1

---------- Var X ----------
X[2]
L: 0 0 0 0 0 0 0 0 0 1 0 1 0 0 0 0
R: 0 1 0 1 0 0 0 0 1 1 1 0 0 0 0 0

X[3]
L: 0 1 0 1 0 0 0 1 1 1 1 0 0 0 0 0
R: 0 0 0 0 0 0 0 0 0 1 0 1 0 0 0 0

X[4]
L: 1 1 1 0 0 1 1 1 1 1 0 1 0 0 0 1
R: 0 1 0 1 0 0 0 1 1 1 1 0 0 0 0 0

X[5]
L: 1 1 0 1 1 1 1 1 1 1 1 0 0 1 1 1
R: 1 1 1 0 0 1 1 1 1 1 0 1 0 0 0 1

X[6]
L: 1 1 1 1 1 1 1 1 1 1 0 1 1 1 1 1
R: 1 1 0 1 1 1 1 1 1 1 1 0 0 1 1 1

X[7]
L: 1 1 1 1 1 1 1 1 1 1 1 1 1 1 1 1
R: 1 1 1 1 1 1 1 1 1 1 0 1 1 1 1 1

X[8]
L: 1 1 1 1 1 1 1 1 1 1 1 1 1 1 1 1
R: 1 1 1 1 1 1 1 1 1 1 1 1 1 1 1 1

X[9]
L: 1 1 1 1 1 1 1 1 1 1 1 1 1 1 1 1
R: 1 1 1 1 1 1 1 1 1 1 1 1 1 1 1 1

X[10]
L: 1 1 1 1 1 1 1 1 1 1 1 1 1 1 1 1
R: 1 1 1 1 1 1 1 1 1 1 1 1 1 1 1 1

---------- Var Y ----------
Y[2]
L: 1 1 1 1 1 1 1 1 1 1 1 1 1 1 1 1
R: 1 1 1 1 1 1 1 1 1 1 1 1 1 1 1 1

Y[3]
L: 1 1 1 1 1 1 1 1 1 1 1 1 1 1 1 1
R: 1 1 1 1 1 1 1 1 1 1 1 1 1 1 1 1

Y[4]
L: 1 1 1 1 1 1 1 1 1 1 1 1 1 1 1 1
R: 1 1 1 1 1 1 1 1 1 1 1 1 1 1 1 1

Y[5]
L: 1 1 1 1 1 1 1 1 1 1 1 1 1 1 1 1
R: 1 1 1 1 1 1 1 1 1 1 1 1 1 0 1 0

Y[6]
L: 1 1 1 1 1 1 1 1 1 1 1 1 1 0 1 0
R: 1 1 1 1 1 0 1 0 1 1 1 0 0 0 0 1

Y[7]
L: 1 1 1 1 1 0 1 0 1 1 1 0 0 0 0 1
R: 1 1 1 0 0 0 0 1 1 0 0 0 0 0 1 0

Y[8]
L: 1 1 1 0 0 0 0 1 1 0 0 0 0 0 1 0
R: 1 0 0 0 0 0 1 0 0 0 0 0 0 0 0 1

Y[9]
L: 1 0 0 0 0 0 1 0 0 0 0 0 0 0 0 1
R: 0 0 0 0 0 0 0 0 0 0 0 0 0 0 1 0

Y[10]
L: 0 0 0 0 0 0 0 0 0 0 0 0 0 0 1 0
R: 0 0 0 0 0 0 0 0 0 0 0 0 0 0 0 0

---------- Var DM ----------
DM[0]
L: 1 1 1 0 0 0 1 1 1 1 0 1 0 0 0 1
R: 1 1 0 1 1 1 1 1 1 1 1 0 0 1 1 1

DM[1]
L: 0 1 0 1 0 0 0 0 1 1 1 0 0 0 0 0
R: 1 1 1 0 0 0 1 1 1 1 0 1 0 0 0 1

DM[2]
L: 0 0 0 0 0 0 0 0 0 1 0 1 0 0 0 0
R: 0 1 0 1 0 0 0 0 1 1 1 0 0 0 0 0

---------- Var VM ----------
VM[0]
L: 1 1 1 1 1 1 1 1 1 1 1 1 1 1 1 1
R: 1 1 1 1 0 0 0 0 1 0 1 0 1 0 0 1

VM[1]
L: 1 1 1 1 0 0 0 0 1 0 1 0 1 0 0 1
R: 0 0 0 0 0 0 0 0 0 0 0 0 0 0 0 0

VM[2]
L: 0 0 0 0 0 0 0 0 0 0 0 0 0 0 0 0
R: 0 0 0 0 0 0 0 0 0 0 0 0 0 0 0 0

---------- Var DW ----------
DW[10]
L: 0 0 0 0 0 0 0 0 0 0 0 0 0 0 1 0
R: 0 0 0 0 0 0 0 0 0 0 0 0 0 0 0 0

DW[11]
L: 0 0 0 0 0 0 0 0 0 0 0 0 0 0 0 0
R: 0 0 0 0 0 0 0 0 0 0 0 0 0 0 1 0

DW[12]
L: 0 0 0 0 0 0 0 0 0 0 0 0 0 0 1 0
R: 1 0 0 0 0 0 1 0 0 0 0 0 0 0 0 1

DW[13]
L: 1 0 0 0 0 0 1 0 0 0 0 0 0 0 0 1
R: 1 1 1 0 0 0 0 1 1 0 0 0 0 0 1 0

DW[14]
L: 1 1 1 0 0 0 0 1 1 0 0 0 0 0 1 0
R: 1 1 1 1 1 0 1 0 1 1 1 0 0 0 0 1

DW[15]
L: 1 1 1 1 1 0 1 0 1 1 1 0 0 0 0 1
R: 1 1 1 1 1 1 1 1 1 1 1 1 1 0 1 0

DW[16]
L: 1 1 1 1 1 1 1 1 1 1 1 1 1 0 1 0
R: 1 1 1 1 1 1 1 1 1 1 1 1 1 1 1 1

DW[17]
L: 1 1 1 1 1 1 1 1 1 1 1 1 1 1 1 1
R: 1 1 1 1 1 1 1 1 1 1 1 1 1 1 1 1

---------- Var VW ----------
VW[10]
L: 0 0 0 0 0 0 0 0 0 0 0 0 0 0 0 0
R: 0 0 0 0 0 0 0 0 0 0 0 0 0 0 0 0

VW[11]
L: 0 0 0 0 0 0 0 0 0 0 0 0 0 0 0 0
R: 0 0 0 0 0 0 0 0 0 0 0 0 0 0 0 0

VW[12]
L: 0 0 0 0 0 0 0 0 0 0 0 0 0 0 0 0
R: 0 0 0 0 0 0 1 0 0 0 0 0 0 0 0 1

VW[13]
L: 0 0 0 0 0 0 1 0 0 0 0 0 0 0 0 1
R: 1 1 0 0 0 0 0 1 1 0 0 0 0 0 1 0

VW[14]
L: 1 1 0 0 0 0 0 1 1 0 0 0 0 0 1 0
R: 1 1 1 1 0 0 1 0 1 1 1 0 0 0 0 1

VW[15]
L: 1 1 1 1 0 0 1 0 1 1 1 0 0 0 0 1
R: 1 1 1 1 1 1 0 1 1 1 1 1 1 0 1 0

VW[16]
L: 1 1 1 1 1 1 0 1 1 1 1 1 1 0 1 0
R: 1 1 1 1 1 1 1 1 1 1 1 1 1 1 1 1

VW[17]
L: 1 1 1 1 1 1 1 1 1 1 1 1 1 1 1 1
R: 1 1 1 1 1 1 1 1 1 1 1 1 1 1 1 1

---------- Var Key_M ----------
Key_M[0]
1 1 1 1 0 0 0 0 1 0 1 0 1 0 0 1

Key_M[1]
0 0 0 0 0 0 0 0 0 0 0 0 0 0 0 0

---------- Var Key_W ----------
Key_W[10]
0 0 0 0 0 0 0 0 0 0 0 0 0 0 0 0

Key_W[11]
0 0 0 0 0 0 0 0 0 0 0 0 0 0 0 0

Key_W[12]
0 0 0 0 0 0 1 0 0 0 0 0 0 0 0 1

Key_W[13]
1 1 0 0 0 0 0 1 1 0 0 0 0 0 1 0

Key_W[14]
1 1 1 1 0 0 1 0 1 1 1 0 0 0 0 1

Key_W[15]
1 1 1 1 1 1 0 1 1 1 1 1 1 0 1 0

Key_W[16]
1 1 1 1 1 1 1 1 1 1 1 1 1 1 1 1

---------- Var D1V ----------
D1V[10]
L: 0 0 0 0 0 0 0 0 0 0 0 0 0 0 0 0
R: 0 0 0 0 0 0 0 0 0 0 0 0 0 0 0 0

D1V[11]
L: 0 0 0 0 0 0 0 0 0 0 0 0 0 0 0 0
R: 0 0 0 0 0 0 0 0 0 0 0 0 0 0 0 0

D1V[12]
L: 1 0 0 0 0 0 0 1 0 0 0 0 0 0 1 0
R: 0 0 0 0 0 0 0 0 0 0 0 0 0 0 0 0

D1V[13]
L: 1 1 1 0 0 0 1 0 1 1 0 0 0 0 0 1
R: 1 0 0 0 0 0 0 1 0 0 0 0 0 0 1 0

D1V[14]
L: 1 1 1 1 1 0 0 1 1 1 1 1 0 0 1 0
R: 1 1 1 0 0 0 1 0 1 1 0 0 0 0 0 1

D1V[15]
L: 1 1 1 1 1 1 1 0 1 1 1 1 1 1 0 1
R: 1 1 1 1 1 0 0 1 1 1 1 1 0 0 1 0

D1V[16]
L: 1 1 1 1 1 1 1 1 1 1 1 1 1 1 1 1
R: 1 1 1 1 1 1 1 0 1 1 1 1 1 1 0 1

D1V[17]
L: 1 1 1 1 1 1 1 1 1 1 1 1 1 1 1 1
R: 1 1 1 1 1 1 1 1 1 1 1 1 1 1 1 1

---------- Var D1D ----------
D1D[10]
L: 0 0 0 0 0 0 0 0 0 0 0 0 0 0 0 0
R: 0 0 0 0 0 0 0 0 0 0 0 0 0 0 0 0

D1D[11]
L: 0 0 0 0 0 0 1 0 0 0 0 0 0 0 0 1
R: 0 0 0 0 0 0 0 0 0 0 0 0 0 0 0 0

D1D[12]
L: 1 1 0 0 0 0 0 1 1 0 0 0 0 0 1 0
R: 0 0 0 0 0 0 1 0 0 0 0 0 0 0 0 1

D1D[13]
L: 1 1 1 1 0 0 1 0 1 1 1 0 0 0 0 1
R: 1 1 0 0 0 0 0 1 1 0 0 0 0 0 1 0

D1D[14]
L: 1 1 1 1 1 1 0 1 1 1 1 1 1 0 1 0
R: 1 1 1 1 0 0 1 0 1 1 1 0 0 0 0 1

D1D[15]
L: 1 1 1 1 1 1 1 1 1 1 1 1 1 1 1 1
R: 1 1 1 1 1 1 0 1 1 1 1 1 1 0 1 0

D1D[16]
L: 1 1 1 1 1 1 1 1 1 1 1 1 1 1 1 1
R: 1 1 1 1 1 1 1 1 1 1 1 1 1 1 1 1

D1D[17]
L: 1 1 1 1 1 1 1 1 1 1 1 1 1 1 1 1
R: 1 1 1 1 1 1 1 1 1 1 1 1 1 1 1 1

---------- Var D2V ----------
D2V[10]
L: 0 0 0 0 0 0 0 0 0 0 0 0 0 0 0 0
R: 0 0 0 0 0 0 0 0 0 0 0 0 0 0 0 0

D2V[11]
L: 0 0 0 0 0 0 0 0 0 0 0 0 0 0 0 0
R: 0 0 0 0 0 0 0 0 0 0 0 0 0 0 0 0

D2V[12]
L: 0 1 0 0 0 0 0 0 1 0 0 0 0 0 0 0
R: 0 0 0 0 0 0 0 0 0 0 0 0 0 0 0 0

D2V[13]
L: 1 0 1 1 0 0 0 0 0 1 1 0 0 0 0 0
R: 0 1 0 0 0 0 0 0 1 0 0 0 0 0 0 0

D2V[14]
L: 0 1 1 1 1 1 0 0 1 0 1 1 1 0 0 0
R: 1 0 1 1 0 0 0 0 0 1 1 0 0 0 0 0

D2V[15]
L: 1 0 1 1 1 1 1 1 0 1 1 1 1 1 1 0
R: 0 1 1 1 1 1 0 0 1 0 1 1 1 0 0 0

D2V[16]
L: 1 1 1 1 1 1 1 1 1 1 1 1 1 1 1 1
R: 1 0 1 1 1 1 1 1 0 1 1 1 1 1 1 0

D2V[17]
L: 1 1 1 1 1 1 1 1 1 1 1 1 1 1 1 1
R: 1 1 1 1 1 1 1 1 1 1 1 1 1 1 1 1

---------- Var D2D ----------
D2D[10]
L: 0 0 0 0 0 0 0 0 0 0 0 0 0 0 0 0
R: 0 0 0 0 0 0 0 0 0 0 0 0 0 0 0 0

D2D[11]
L: 1 0 0 0 0 0 0 0 0 0 0 0 0 0 0 0
R: 0 0 0 0 0 0 0 0 0 0 0 0 0 0 0 0

D2D[12]
L: 0 1 1 0 0 0 0 0 1 0 0 0 0 0 0 0
R: 1 0 0 0 0 0 0 0 0 0 0 0 0 0 0 0

D2D[13]
L: 1 0 1 1 1 0 0 0 0 1 1 1 0 0 0 0
R: 0 1 1 0 0 0 0 0 1 0 0 0 0 0 0 0

D2D[14]
L: 0 1 1 1 1 1 1 0 1 0 1 1 1 1 0 1
R: 1 0 1 1 1 0 0 0 0 1 1 1 0 0 0 0

D2D[15]
L: 1 1 1 1 1 1 1 1 1 1 1 1 1 1 1 1
R: 0 1 1 1 1 1 1 0 1 0 1 1 1 1 0 1

D2D[16]
L: 1 1 1 1 1 1 1 1 1 1 1 1 1 1 1 1
R: 1 1 1 1 1 1 1 1 1 1 1 1 1 1 1 1

D2D[17]
L: 1 1 1 1 1 1 1 1 1 1 1 1 1 1 1 1
R: 1 1 1 1 1 1 1 1 1 1 1 1 1 1 1 1

---------- Var HD ----------
HD[10]
L: 0 0 0 0 0 0 0 0 0 0 0 0 0 0 1 0
R: 0 0 0 0 0 0 0 0 0 0 0 0 0 0 0 0

HD[11]
L: 0 0 0 0 0 0 0 0 0 0 0 0 0 0 0 0
R: 0 0 0 0 0 0 0 0 0 0 0 0 0 0 1 0

HD[12]
L: 0 0 0 0 0 0 0 0 0 0 0 0 0 0 1 0
R: 1 0 0 0 0 0 1 0 0 0 0 0 0 0 0 1

HD[13]
L: 0 0 0 0 0 0 0 0 0 0 0 0 0 0 0 0
R: 0 0 0 0 0 0 0 0 0 0 0 0 0 0 0 0

HD[14]
L: 0 0 0 0 0 0 0 0 0 0 0 0 0 0 0 0
R: 0 0 0 0 0 0 0 0 0 0 0 0 0 0 0 0

HD[15]
L: 0 0 0 0 0 0 0 0 0 0 0 0 0 0 0 0
R: 0 0 0 0 0 0 0 0 0 0 0 0 0 0 0 0

HD[16]
L: 0 0 0 0 0 0 0 0 0 0 0 0 0 0 0 0
R: 0 0 0 0 0 0 0 0 0 0 0 0 0 0 0 0

HD[17]
L: 0 0 0 0 0 0 0 0 0 0 0 0 0 0 0 0
R: 0 0 0 0 0 0 0 0 0 0 0 0 0 0 0 0

---------- Var HV ----------
HV[10]
L: 0 0 0 0 0 0 0 0 0 0 0 0 0 0 0 0
R: 0 0 0 0 0 0 0 0 0 0 0 0 0 0 0 0

HV[11]
L: 0 0 0 0 0 0 0 0 0 0 0 0 0 0 0 0
R: 0 0 0 0 0 0 0 0 0 0 0 0 0 0 0 0

HV[12]
L: 0 0 0 0 0 0 0 0 0 0 0 0 0 0 0 0
R: 0 0 0 0 0 0 1 0 0 0 0 0 0 0 0 1

HV[13]
L: 0 0 0 0 0 0 1 0 0 0 0 0 0 0 0 1
R: 1 1 0 0 0 0 0 1 1 0 0 0 0 0 1 0

HV[14]
L: 0 0 0 0 0 0 0 0 0 0 0 0 0 0 0 0
R: 0 0 0 0 0 0 0 0 0 0 0 0 0 0 0 0

HV[15]
L: 0 0 0 0 0 0 0 0 0 0 0 0 0 0 0 0
R: 0 0 0 0 0 0 0 0 0 0 0 0 0 0 0 0

HV[16]
L: 0 0 0 0 0 0 0 0 0 0 0 0 0 0 0 0
R: 0 0 0 0 0 0 0 0 0 0 0 0 0 0 0 0

HV[17]
L: 0 0 0 0 0 0 0 0 0 0 0 0 0 0 0 0
R: 0 0 0 0 0 0 0 0 0 0 0 0 0 0 0 0

---------- Var RHD ----------
RHD[10]
L: 0 0 0 0 0 0 0 0 0 0 0 0 0 0 1 0
R: 0 0 0 0 0 0 0 0 0 0 0 0 0 0 0 0

RHD[11]
L: 0 0 0 0 0 0 0 0 0 0 0 0 0 0 0 0
R: 0 0 0 0 0 0 0 0 0 0 0 0 0 0 1 0

RHD[12]
L: 0 0 0 0 0 0 0 0 0 0 0 0 0 0 0 0
R: 0 0 0 0 0 0 0 0 0 0 0 0 0 0 0 0

RHD[13]
L: 0 0 0 0 0 0 0 0 0 0 0 0 0 0 0 0
R: 0 0 0 0 0 0 0 0 0 0 0 0 0 0 0 0

RHD[14]
L: 0 0 0 0 0 0 0 0 0 0 0 0 0 0 0 0
R: 0 0 0 0 0 0 0 0 0 0 0 0 0 0 0 0

RHD[15]
L: 0 0 0 0 0 0 0 0 0 0 0 0 0 0 0 0
R: 0 0 0 0 0 0 0 0 0 0 0 0 0 0 0 0

RHD[16]
L: 0 0 0 0 0 0 0 0 0 0 0 0 0 0 0 0
R: 0 0 0 0 0 0 0 0 0 0 0 0 0 0 0 0

---------- Var RHV ----------
RHV[10]
L: 0 0 0 0 0 0 0 0 0 0 0 0 0 0 0 0
R: 0 0 0 0 0 0 0 0 0 0 0 0 0 0 0 0

RHV[11]
L: 0 0 0 0 0 0 0 0 0 0 0 0 0 0 0 0
R: 0 0 0 0 0 0 0 0 0 0 0 0 0 0 0 0

RHV[12]
L: 0 0 0 0 0 0 0 0 0 0 0 0 0 0 0 0
R: 0 0 0 0 0 0 1 0 0 0 0 0 0 0 0 1

RHV[13]
L: 0 0 0 0 0 0 0 0 0 0 0 0 0 0 0 0
R: 0 0 0 0 0 0 0 0 0 0 0 0 0 0 0 0

RHV[14]
L: 0 0 0 0 0 0 0 0 0 0 0 0 0 0 0 0
R: 0 0 0 0 0 0 0 0 0 0 0 0 0 0 0 0

RHV[15]
L: 0 0 0 0 0 0 0 0 0 0 0 0 0 0 0 0
R: 0 0 0 0 0 0 0 0 0 0 0 0 0 0 0 0

RHV[16]
L: 0 0 0 0 0 0 0 0 0 0 0 0 0 0 0 0
R: 0 0 0 0 0 0 0 0 0 0 0 0 0 0 0 0

---------- Var Key_D1 ----------
Key_D1[10]
0 0 0 0 0 0 0 0 0 0 0 0 0 0 0 0

Key_D1[11]
0 0 0 0 0 0 0 0 0 0 0 0 0 0 0 0

Key_D1[12]
0 0 0 0 0 0 0 0 0 0 0 0 0 0 0 0

Key_D1[13]
1 0 0 0 0 0 0 1 0 0 0 0 0 0 1 0

Key_D1[14]
1 1 1 0 0 0 1 0 1 1 0 0 0 0 0 1

Key_D1[15]
1 1 1 1 1 0 0 1 1 1 1 1 0 0 1 0

Key_D1[16]
1 1 1 1 1 1 1 0 1 1 1 1 1 1 0 1

---------- Var Key_D2 ----------
Key_D2[10]
0 0 0 0 0 0 0 0 0 0 0 0 0 0 0 0

Key_D2[11]
0 0 0 0 0 0 0 0 0 0 0 0 0 0 0 0

Key_D2[12]
0 0 0 0 0 0 0 0 0 0 0 0 0 0 0 0

Key_D2[13]
0 1 0 0 0 0 0 0 1 0 0 0 0 0 0 0

Key_D2[14]
1 0 1 1 0 0 0 0 0 1 1 0 0 0 0 0

Key_D2[15]
0 1 1 1 1 1 0 0 1 0 1 1 1 0 0 0

Key_D2[16]
1 0 1 1 1 1 1 1 0 1 1 1 1 1 1 0

---------- Var Key_H ----------
Key_H[10]
0 0 0 0 0 0 0 0 0 0 0 0 0 0 0 0

Key_H[11]
0 0 0 0 0 0 0 0 0 0 0 0 0 0 0 0

Key_H[12]
0 0 0 0 0 0 1 0 0 0 0 0 0 0 0 1

Key_H[13]
0 0 0 0 0 0 0 0 0 0 0 0 0 0 0 0

Key_H[14]
0 0 0 0 0 0 0 0 0 0 0 0 0 0 0 0

Key_H[15]
0 0 0 0 0 0 0 0 0 0 0 0 0 0 0 0

Key_H[16]
0 0 0 0 0 0 0 0 0 0 0 0 0 0 0 0

