
================= Switch_last_mc = 0 =================
Model Status: 2
Min_Obj: 240
******** Complexities: Time = 240 (Offline = 224, Online = 240)    Data = 128    Memory = 224 ********
******** Deg = 30    K_on = 30    K_g1 = 28    K_g2 = 27    Val_con = 2    Plaintext Difference = 16 ********
******** K_t = 2    S_t = 8    S_t1 = 8 ********
******** Switch_diff_seq = 1    Switch_H = 1 ********
A = [ 0 1 2 ]    B = [ 17 22 28 ]
---------- Var Z ----------
Z[4]
1 0 0 0 | 0 0 0 0 
1 0 0 0 | 0 0 0 0 
1 0 0 0 | 0 0 0 0 
0 0 0 0 | 0 0 0 0 

Z[5]
1 1 0 0 | 1 1 0 0 
1 1 0 0 | 1 1 0 0 
0 1 0 0 | 0 1 0 0 
0 1 0 0 | 0 1 0 0 

Z[6]
1 0 0 1 | 0 0 1 0 
1 1 0 0 | 0 0 0 1 
0 1 1 0 | 1 0 0 0 
0 0 1 1 | 0 1 0 0 

Z[7]
0 0 0 0 | 0 0 0 1 
0 0 0 0 | 1 0 0 0 
0 0 0 0 | 0 1 0 0 
0 0 0 0 | 0 0 0 0 

------- Var X -------
XA[3]
1 0 0 0 | 0 0 0 0 
1 0 0 0 | 0 0 0 0 
0 0 0 0 | 0 0 0 0 
0 0 0 0 | 0 0 0 0 
-- (MC) ->
XB[3]
1 0 0 0 | 0 0 0 0 
1 0 0 0 | 0 0 0 0 
1 0 0 0 | 0 0 0 0 
0 0 0 0 | 0 0 0 0 
-- (ML) ->
XC[3]
1 0 0 0 | 0 0 0 0 
1 0 0 0 | 0 0 0 0 
1 0 0 0 | 0 0 0 0 
0 0 0 0 | 0 0 0 0 
-- (ARK, SB, SR) ->
XA[4]
1 0 0 0 | 0 0 0 0 
0 0 0 1 | 0 0 0 0 
0 0 1 0 | 0 0 0 0 
0 0 0 0 | 0 0 0 0 
-- (MC) ->
XB[4]
1 0 1 1 | 0 0 0 0 
1 0 1 1 | 0 0 0 0 
1 0 1 1 | 0 0 0 0 
1 0 1 1 | 0 0 0 0 
-- (ML) ->
XC[4]
1 1 0 0 | 1 1 0 0 
1 1 0 0 | 1 1 0 0 
0 1 0 0 | 0 1 0 0 
0 1 0 0 | 0 1 0 0 
-- (ARK, SB, SR) ->
XA[5]
1 1 0 0 | 1 1 0 0 
1 0 0 1 | 1 0 0 1 
0 0 0 1 | 0 0 0 1 
0 0 1 0 | 0 0 1 0 
-- (MC) ->
XB[5]
1 1 1 1 | 1 1 1 1 
1 1 1 1 | 1 1 1 1 
1 1 1 1 | 1 1 1 1 
1 1 1 1 | 1 1 1 1 
-- (ML) ->
XC[5]
1 1 1 1 | 1 1 1 1 
1 1 1 1 | 1 1 1 1 
1 1 1 1 | 1 1 1 1 
1 1 1 1 | 1 1 1 1 
-- (ARK, SB, SR) ->
XA[6]
1 1 1 1 | 1 1 1 1 
1 1 1 1 | 1 1 1 1 
1 1 1 1 | 1 1 1 1 
1 1 1 1 | 1 1 1 1 
-- (MC) ->
XB[6]
1 1 1 1 | 1 1 1 1 
1 1 1 1 | 1 1 1 1 
1 1 1 1 | 1 1 1 1 
1 1 1 1 | 1 1 1 1 
-- (ML) ->
XC[6]
1 1 1 1 | 1 1 1 1 
1 1 1 1 | 1 1 1 1 
1 1 1 1 | 1 1 1 1 
1 1 1 1 | 1 1 1 1 
-- (ARK, SB, SR) ->
XA[7]
1 1 1 1 | 1 1 1 1 
1 1 1 1 | 1 1 1 1 
1 1 1 1 | 1 1 1 1 
1 1 1 1 | 1 1 1 1 

------- Var Y -------
YB[3]
1 1 1 1 | 1 1 1 1 
1 1 1 1 | 1 1 1 1 
1 1 1 1 | 1 1 1 1 
1 1 1 1 | 1 1 1 1 
-- (ML) ->
YC[3]
1 1 1 1 | 1 1 1 1 
1 1 1 1 | 1 1 1 1 
1 1 1 1 | 1 1 1 1 
1 1 1 1 | 1 1 1 1 
-- (ARK, SB, SR) ->
YA[4]
1 1 1 1 | 1 1 1 1 
1 1 1 1 | 1 1 1 1 
1 1 1 1 | 1 1 1 1 
1 1 1 1 | 1 1 1 1 
-- (MC) ->
YB[4]
1 1 1 1 | 1 1 1 1 
1 1 1 1 | 1 1 1 1 
1 1 1 1 | 1 1 1 1 
1 1 1 1 | 1 1 1 1 
-- (ML) ->
YC[4]
1 1 1 1 | 1 1 1 1 
1 1 1 1 | 1 1 1 1 
1 1 1 1 | 1 1 1 1 
1 1 1 1 | 1 1 1 1 
-- (ARK, SB, SR) ->
YA[5]
1 1 1 1 | 1 1 1 1 
1 1 1 1 | 1 1 1 1 
1 1 1 1 | 1 1 1 1 
1 1 1 1 | 1 1 1 1 
-- (MC) ->
YB[5]
1 0 0 1 | 0 0 1 0 
1 1 0 0 | 0 0 0 1 
0 1 1 0 | 1 0 0 0 
0 0 1 1 | 0 1 0 0 
-- (ML) ->
YC[5]
1 0 0 1 | 0 0 1 0 
1 1 0 0 | 0 0 0 1 
0 1 1 0 | 1 0 0 0 
0 0 1 1 | 0 1 0 0 
-- (ARK, SB, SR) ->
YA[6]
1 0 0 1 | 0 0 1 0 
1 0 0 1 | 0 0 1 0 
1 0 0 1 | 0 0 1 0 
1 0 0 1 | 0 0 1 0 
-- (MC) ->
YB[6]
0 0 0 0 | 0 0 0 0 
0 0 0 1 | 0 0 1 0 
0 0 0 0 | 0 0 0 0 
1 0 0 0 | 0 0 0 0 
-- (ML) ->
YC[6]
0 0 0 0 | 0 0 0 1 
0 0 0 0 | 1 0 0 0 
0 0 0 0 | 0 1 0 0 
0 0 0 0 | 0 0 0 0 
-- (ARK, SB, SR) ->
YA[7]
0 0 0 0 | 0 0 0 1 
0 0 0 0 | 0 0 0 1 
0 0 0 0 | 0 0 0 1 
0 0 0 0 | 0 0 0 0 
-- (MC) ->
YB[7]
0 0 0 0 | 0 0 0 0 
0 0 0 0 | 0 0 0 1 
0 0 0 0 | 0 0 0 1 
0 0 0 0 | 0 0 0 0 

------- Var M -------
MC[0]
1 1 1 1 | 0 0 0 0 
1 1 1 1 | 0 0 0 0 
1 1 1 1 | 0 0 0 0 
1 1 1 1 | 0 0 0 0 
-- (ARK, SB, SR) ->
MA[1]
1 1 1 1 | 0 0 0 0 
1 1 1 1 | 0 0 0 0 
1 1 1 1 | 0 0 0 0 
1 1 1 1 | 0 0 0 0 
-- (MC) ->
MB[1]
1 0 1 0 | 0 0 0 0 
0 1 0 1 | 0 0 0 0 
1 0 1 0 | 0 0 0 0 
0 1 0 1 | 0 0 0 0 
-- (ML) ->
MC[1]
1 0 1 0 | 0 0 0 0 
0 1 0 1 | 0 0 0 0 
1 0 1 0 | 0 0 0 0 
0 1 0 1 | 0 0 0 0 
-- (ARK, SB, SR) ->
MA[2]
1 0 1 0 | 0 0 0 0 
1 0 1 0 | 0 0 0 0 
1 0 1 0 | 0 0 0 0 
1 0 1 0 | 0 0 0 0 
-- (MC) ->
MB[2]
1 0 0 0 | 0 0 0 0 
0 0 0 0 | 0 0 0 0 
0 0 1 0 | 0 0 0 0 
0 0 0 0 | 0 0 0 0 
-- (ML) ->
MC[2]
1 0 0 0 | 0 0 0 0 
0 1 0 0 | 0 0 0 0 
0 0 0 0 | 0 0 0 0 
0 0 0 0 | 0 0 0 0 
-- (ARK, SB, SR) ->
MA[3]
1 0 0 0 | 0 0 0 0 
1 0 0 0 | 0 0 0 0 
0 0 0 0 | 0 0 0 0 
0 0 0 0 | 0 0 0 0 

------- Var W -------
WB[7]
0 0 0 0 | 0 0 0 0 
0 0 0 0 | 0 0 0 1 
0 0 0 0 | 0 0 0 1 
0 0 0 0 | 0 0 0 0 
-- (ML) ->
WC[7]
0 0 0 0 | 0 0 0 0 
0 0 0 0 | 0 0 0 1 
0 0 0 0 | 0 0 0 1 
0 0 0 0 | 0 0 0 0 
-- (ARK, SB, SR) ->
WA[8]
0 0 0 0 | 0 0 0 0 
0 0 0 0 | 0 0 1 0 
0 0 0 0 | 0 1 0 0 
0 0 0 0 | 0 0 0 0 
-- (MC) ->
WB[8]
0 0 0 0 | 0 1 1 0 
0 0 0 0 | 0 1 1 0 
0 0 0 0 | 0 1 1 0 
0 0 0 0 | 0 1 1 0 
-- (ML) ->
WC[8]
0 0 0 1 | 0 0 0 1 
0 0 0 1 | 0 0 0 1 
0 0 1 0 | 0 0 1 0 
0 0 1 0 | 0 0 1 0 
-- (ARK, SB, SR) ->
WA[9]
0 0 0 1 | 0 0 0 1 
0 0 1 0 | 0 0 1 0 
1 0 0 0 | 1 0 0 0 
0 0 0 1 | 0 0 0 1 
-- (MC) ->
WB[9]
1 0 1 1 | 1 0 1 1 
1 0 1 1 | 1 0 1 1 
1 0 1 1 | 1 0 1 1 
1 0 1 1 | 1 0 1 1 
-- (ML) ->
WC[9]
1 0 1 1 | 1 0 1 1 
1 0 1 1 | 1 0 1 1 
1 0 1 1 | 1 0 1 1 
1 0 1 1 | 1 0 1 1 
-- (ARK, SB, SR) ->
WA[10]
1 0 1 1 | 1 0 1 1 
0 1 1 1 | 0 1 1 1 
1 1 1 0 | 1 1 1 0 
1 1 0 1 | 1 1 0 1 
-- (MC) ->
WB[10]
1 0 1 1 | 1 0 1 1 
0 1 1 1 | 0 1 1 1 
1 1 1 0 | 1 1 1 0 
1 1 0 1 | 1 1 0 1 

------- Var D1 -------
D1B[7]
0 0 0 0 | 0 0 0 0 
0 0 0 0 | 0 0 0 0 
0 0 0 0 | 0 0 0 0 
0 0 0 0 | 0 0 0 0 
-- (ML) ->
D1C[7]
0 0 0 0 | 0 0 0 0 
0 0 0 0 | 0 0 0 0 
0 0 0 0 | 0 0 0 0 
0 0 0 0 | 0 0 0 0 
-- (ARK, SB, SR) ->
D1A[8]
0 0 0 0 | 0 0 0 0 
0 0 0 0 | 0 0 0 0 
0 0 0 0 | 0 1 0 0 
0 0 0 0 | 0 0 0 0 
-- (MC) ->
D1B[8]
0 0 0 0 | 0 1 1 0 
0 0 0 0 | 1 1 1 0 
0 0 0 0 | 0 1 0 0 
0 0 0 0 | 0 1 1 0 
-- (ML) ->
D1C[8]
0 0 0 1 | 0 0 1 1 
0 0 0 0 | 0 0 0 1 
0 0 1 0 | 0 0 1 0 
0 0 1 0 | 0 0 1 0 
-- (ARK, SB, SR) ->
D1A[9]
0 0 0 1 | 0 0 1 1 
0 0 0 0 | 0 0 1 0 
1 0 0 0 | 1 0 0 0 
0 0 0 1 | 0 0 0 1 
-- (MC) ->
D1B[9]
1 0 1 1 | 1 0 1 1 
1 0 1 1 | 1 0 1 1 
1 0 1 1 | 1 0 1 1 
1 0 1 1 | 1 0 1 1 
-- (ML) ->
D1C[9]
1 0 1 1 | 1 0 1 1 
1 0 1 1 | 1 0 1 1 
1 0 1 1 | 1 0 1 1 
1 0 1 1 | 1 0 1 1 
-- (ARK, SB, SR) ->
D1A[10]
1 0 1 1 | 1 0 1 1 
0 1 1 1 | 0 1 1 1 
1 1 1 0 | 1 1 1 0 
1 1 0 1 | 1 1 0 1 
-- (MC) ->
D1B[10]
1 1 1 1 | 1 1 1 1 
1 1 1 1 | 1 1 1 1 
1 1 1 1 | 1 1 1 1 
1 1 1 1 | 1 1 1 1 

---------- Var key_D1 ----------
key_D1[7]
0 0 0 0 | 0 0 0 0 
0 0 0 0 | 0 0 0 0 
0 0 0 0 | 0 0 0 0 
0 0 0 0 | 0 0 0 0 

key_D1[8]
0 0 0 0 | 0 0 0 0 
0 0 0 0 | 0 0 0 0 
0 0 0 0 | 0 1 0 0 
0 0 0 0 | 0 0 0 0 

key_D1[9]
0 0 0 1 | 0 0 1 1 
0 0 0 0 | 0 0 1 0 
1 0 0 0 | 1 0 0 0 
0 0 0 1 | 0 0 0 1 

key_D1[10]
1 0 1 1 | 1 0 1 1 
0 1 1 1 | 0 1 1 1 
1 1 1 0 | 1 1 1 0 
1 1 0 1 | 1 1 0 1 

------- Var D2 -------
D2B[7]
0 0 0 0 | 0 0 0 0 
0 0 0 0 | 0 0 0 0 
0 0 0 0 | 0 0 0 0 
0 0 0 0 | 0 0 0 0 
-- (ML) ->
D2C[7]
0 0 0 0 | 0 0 0 0 
0 0 0 0 | 0 0 0 0 
0 0 0 0 | 0 0 0 0 
0 0 0 0 | 0 0 0 0 
-- (ARK, SB, SR) ->
D2A[8]
0 0 0 0 | 0 0 0 0 
0 0 0 0 | 0 0 0 0 
0 0 0 0 | 0 0 0 0 
0 0 0 0 | 0 0 0 0 
-- (MC) ->
D2B[8]
0 0 0 0 | 0 0 0 0 
0 0 0 0 | 0 0 0 0 
0 0 0 0 | 0 0 0 0 
0 0 0 0 | 0 0 1 0 
-- (ML) ->
D2C[8]
0 0 0 0 | 0 0 0 0 
0 0 0 0 | 0 0 0 1 
0 0 0 0 | 0 0 0 0 
0 0 0 0 | 0 0 0 0 
-- (ARK, SB, SR) ->
D2A[9]
0 0 0 0 | 0 0 0 0 
0 0 0 0 | 0 0 1 0 
0 0 0 0 | 0 0 0 0 
0 0 0 0 | 0 0 0 0 
-- (MC) ->
D2B[9]
1 0 1 1 | 0 0 1 1 
0 0 0 1 | 0 0 1 1 
1 0 0 1 | 0 0 1 0 
1 0 1 1 | 0 0 1 0 
-- (ML) ->
D2C[9]
1 0 1 1 | 0 0 1 1 
0 0 0 1 | 0 0 1 1 
1 0 0 1 | 0 0 1 0 
1 0 1 1 | 0 0 1 0 
-- (ARK, SB, SR) ->
D2A[10]
1 0 1 1 | 0 0 1 1 
0 0 1 0 | 0 1 1 0 
0 1 1 0 | 1 0 0 0 
1 1 0 1 | 0 0 0 1 
-- (MC) ->
D2B[10]
1 1 1 1 | 1 1 1 1 
1 1 1 1 | 1 1 1 1 
1 1 1 1 | 1 1 1 1 
1 1 1 1 | 1 1 1 1 

---------- Var key_D2 ----------
key_D2[7]
0 0 0 0 | 0 0 0 0 
0 0 0 0 | 0 0 0 0 
0 0 0 0 | 0 0 0 0 
0 0 0 0 | 0 0 0 0 

key_D2[8]
0 0 0 0 | 0 0 0 0 
0 0 0 0 | 0 0 0 0 
0 0 0 0 | 0 0 0 0 
0 0 0 0 | 0 0 0 0 

key_D2[9]
0 0 0 0 | 0 0 0 0 
0 0 0 0 | 0 0 1 0 
0 0 0 0 | 0 0 0 0 
0 0 0 0 | 0 0 0 0 

key_D2[10]
1 0 1 1 | 0 0 1 1 
0 0 1 0 | 0 1 1 0 
0 1 1 0 | 1 0 0 0 
1 1 0 1 | 0 0 0 1 

------- Var H -------
HB[7]
0 0 0 0 | 0 0 0 0 
0 0 0 0 | 0 0 0 1 
0 0 0 0 | 0 0 0 1 
0 0 0 0 | 0 0 0 0 
-- (ML) ->
HC[7]
0 0 0 0 | 0 0 0 0 
0 0 0 0 | 0 0 0 1 
0 0 0 0 | 0 0 0 1 
0 0 0 0 | 0 0 0 0 
-- (ARK, SB, SR) ->
HA[8]
0 0 0 0 | 0 0 0 0 
0 0 0 0 | 0 0 1 0 
0 0 0 0 | 0 1 0 0 
0 0 0 0 | 0 0 0 0 
-- (MC) ->
HB[8]
0 0 0 0 | 0 0 1 0 
0 0 0 0 | 0 0 1 0 
0 0 0 0 | 0 0 1 0 
0 0 0 0 | 0 0 1 0 
-- (ML) ->
HC[8]
0 0 0 0 | 0 0 0 0 
0 0 0 1 | 0 0 0 0 
0 0 0 0 | 0 0 0 0 
0 0 0 0 | 0 0 0 0 
-- (ARK, SB, SR) ->
HA[9]
0 0 0 0 | 0 0 0 0 
0 0 1 0 | 0 0 0 0 
0 0 0 0 | 0 0 0 0 
0 0 0 0 | 0 0 0 0 
-- (MC) ->
HB[9]
0 0 1 0 | 0 0 0 0 
0 0 1 0 | 0 0 0 0 
0 0 1 0 | 0 0 0 0 
0 0 1 0 | 0 0 0 0 
-- (ML) ->
HC[9]
0 0 0 0 | 0 0 0 0 
0 0 0 0 | 0 0 0 0 
0 0 0 0 | 0 0 0 0 
0 0 0 0 | 0 0 0 0 
-- (ARK, SB, SR) ->
HA[10]
0 0 0 0 | 0 0 0 0 
0 0 0 0 | 0 0 0 0 
0 0 0 0 | 0 0 0 0 
0 0 0 0 | 0 0 0 0 

---------- Var key_H ----------
key_H[7]
0 0 0 0 | 0 0 0 0 
0 0 0 0 | 0 0 0 0 
0 0 0 0 | 0 0 0 0 
0 0 0 0 | 0 0 0 0 

key_H[8]
0 0 0 0 | 0 0 0 0 
0 0 0 0 | 0 0 1 0 
0 0 0 0 | 0 0 0 0 
0 0 0 0 | 0 0 0 0 

key_H[9]
0 0 0 0 | 0 0 0 0 
0 0 1 0 | 0 0 0 0 
0 0 0 0 | 0 0 0 0 
0 0 0 0 | 0 0 0 0 

key_H[10]
0 0 0 0 | 0 0 0 0 
0 0 0 0 | 0 0 0 0 
0 0 0 0 | 0 0 0 0 
0 0 0 0 | 0 0 0 0 

