Model Status: 2
Min_Obj: 20
******** Sol no.1    Obj = 20    Deg = 14    Key = 19    Data = 8    Val_Con = 0 ********
A = [ 1 ]    B = [ 13 ]
---------- Var X ----------
X_linear[ 0 ]
(0 1) (0 0) (0 0) (0 0) (0 0) (0 0) (0 0) (0 0) 

X_non_linear[ 0 ]
(0 1) (0 0) (0 0) (0 0) (0 0) (0 0) (0 0) (0 0) 

X_linear[ 1 ]
(1 0) (0 0) (0 0) (0 0) (0 0) (0 0) (0 0) (0 0) 

X_non_linear[ 1 ]
(1 1) (0 0) (0 0) (0 0) (0 0) (0 0) (0 0) (0 0) 

X_linear[ 2 ]
(1 0) (0 0) (0 1) (0 0) (0 0) (0 0) (0 0) (0 0) 

X_non_linear[ 2 ]
(1 1) (0 0) (0 1) (0 0) (0 0) (0 0) (0 0) (0 0) 

X_linear[ 3 ]
(1 0) (0 0) (0 1) (0 0) (0 0) (0 0) (1 0) (0 0) 

X_non_linear[ 3 ]
(1 1) (0 0) (0 1) (0 0) (0 0) (0 0) (1 1) (0 0) 

X_linear[ 4 ]
(1 0) (0 0) (0 1) (0 0) (0 0) (1 0) (1 0) (0 1) 

X_non_linear[ 4 ]
(1 1) (0 0) (0 1) (0 0) (0 0) (1 1) (1 1) (0 1) 

X_linear[ 5 ]
(1 0) (1 0) (0 1) (0 0) (0 1) (1 0) (1 0) (1 1) 

X_non_linear[ 5 ]
(1 1) (1 1) (0 1) (0 0) (0 1) (1 1) (1 1) (1 1) 

X_linear[ 6 ]
(1 1) (1 0) (1 1) (1 0) (0 1) (1 1) (1 0) (1 1) 

X_non_linear[ 6 ]
(1 1) (1 1) (1 1) (1 1) (0 1) (1 1) (1 1) (1 1) 

X_linear[ 7 ]
(1 1) (1 1) (1 1) (1 1) (1 1) (1 1) (1 0) (1 1) 

X_non_linear[ 7 ]
(1 1) (1 1) (1 1) (1 1) (1 1) (1 1) (1 1) (1 1) 

X_linear[ 8 ]
(1 1) (1 1) (1 1) (1 1) (1 1) (1 1) (1 1) (1 1) 

X_non_linear[ 8 ]
(1 1) (1 1) (1 1) (1 1) (1 1) (1 1) (1 1) (1 1) 

X_linear[ 9 ]
(1 1) (1 1) (1 1) (1 1) (1 1) (1 1) (1 1) (1 1) 

X_non_linear[ 9 ]
(1 1) (1 1) (1 1) (1 1) (1 1) (1 1) (1 1) (1 1) 

X_linear[ 10 ]
(1 1) (1 1) (1 1) (1 1) (1 1) (1 1) (1 1) (1 1) 

X_non_linear[ 10 ]
(1 1) (1 1) (1 1) (1 1) (1 1) (1 1) (1 1) (1 1) 

X_linear[ 11 ]
(1 1) (1 1) (1 1) (1 1) (1 1) (1 1) (1 1) (1 1) 

---------- Var Y ----------
Y_linear[ 0 ]
(1 1) (1 1) (1 1) (1 1) (1 1) (1 1) (1 1) (1 1) 

Y_non_linear[ 0 ]
(1 1) (1 1) (1 1) (1 1) (1 1) (1 1) (1 1) (1 1) 

Y_linear[ 1 ]
(1 1) (1 1) (1 1) (1 1) (1 1) (1 1) (1 1) (1 1) 

Y_non_linear[ 1 ]
(1 1) (1 1) (1 1) (1 1) (1 1) (1 1) (1 1) (1 1) 

Y_linear[ 2 ]
(1 1) (1 1) (1 1) (1 1) (1 1) (1 1) (1 1) (1 1) 

Y_non_linear[ 2 ]
(1 1) (1 1) (1 1) (1 1) (1 1) (1 1) (1 1) (1 1) 

Y_linear[ 3 ]
(1 1) (1 1) (1 1) (1 1) (1 1) (1 1) (1 1) (1 1) 

Y_non_linear[ 3 ]
(1 1) (0 1) (1 1) (1 1) (1 1) (1 1) (1 1) (1 1) 

Y_linear[ 4 ]
(1 0) (1 1) (1 1) (1 1) (1 1) (1 1) (1 1) (1 1) 

Y_non_linear[ 4 ]
(1 0) (0 1) (1 1) (1 1) (1 1) (1 1) (0 1) (0 1) 

Y_linear[ 5 ]
(0 0) (1 1) (1 1) (1 1) (1 1) (1 0) (1 1) (1 0) 

Y_non_linear[ 5 ]
(0 0) (0 1) (0 1) (0 1) (1 1) (1 0) (0 1) (1 0) 

Y_linear[ 6 ]
(0 0) (0 0) (1 0) (1 0) (1 1) (1 1) (1 1) (0 0) 

Y_non_linear[ 6 ]
(0 0) (0 0) (1 0) (1 0) (0 1) (0 1) (0 1) (0 0) 

Y_linear[ 7 ]
(0 0) (1 1) (0 0) (1 1) (0 0) (1 0) (0 0) (0 0) 

Y_non_linear[ 7 ]
(0 0) (0 1) (0 0) (0 1) (0 0) (1 0) (0 0) (0 0) 

Y_linear[ 8 ]
(0 0) (0 0) (1 0) (0 0) (1 1) (0 0) (0 0) (0 0) 

Y_non_linear[ 8 ]
(0 0) (0 0) (1 0) (0 0) (0 1) (0 0) (0 0) (0 0) 

Y_linear[ 9 ]
(0 0) (0 0) (0 0) (1 1) (0 0) (0 0) (0 0) (0 0) 

Y_non_linear[ 9 ]
(0 0) (0 0) (0 0) (0 1) (0 0) (0 0) (0 0) (0 0) 

Y_linear[ 10 ]
(0 0) (0 0) (0 0) (0 0) (1 0) (0 0) (0 0) (0 0) 

Y_non_linear[ 10 ]
(0 0) (0 0) (0 0) (0 0) (1 0) (0 0) (0 0) (0 0) 

Y_linear[ 11 ]
(0 0) (0 0) (0 0) (0 0) (0 0) (0 0) (0 1) (0 0) 

---------- Var Z ----------
Z_linear[ 0 ]
(0 1) (0 0) (0 0) (0 0) (0 0) (0 0) (0 0) (0 0) 

Z_non_linear[ 0 ]
(0 1) (0 0) (0 0) (0 0) (0 0) (0 0) (0 0) (0 0) 

Z_linear[ 1 ]
(1 0) (0 0) (0 0) (0 0) (0 0) (0 0) (0 0) (0 0) 

Z_non_linear[ 1 ]
(1 1) (0 0) (0 0) (0 0) (0 0) (0 0) (0 0) (0 0) 

Z_linear[ 2 ]
(1 0) (0 0) (0 1) (0 0) (0 0) (0 0) (0 0) (0 0) 

Z_non_linear[ 2 ]
(1 1) (0 0) (0 1) (0 0) (0 0) (0 0) (0 0) (0 0) 

Z_linear[ 3 ]
(1 0) (0 0) (0 1) (0 0) (0 0) (0 0) (1 0) (0 0) 

Z_non_linear[ 3 ]
(1 1) (0 0) (0 1) (0 0) (0 0) (0 0) (1 1) (0 0) 

Z_linear[ 4 ]
(1 0) (0 0) (0 1) (0 0) (0 0) (1 0) (1 0) (0 1) 

Z_non_linear[ 4 ]
(1 0) (0 0) (0 1) (0 0) (0 0) (1 1) (0 1) (0 1) 

Z_linear[ 5 ]
(0 0) (1 0) (0 1) (0 0) (0 1) (1 0) (1 0) (1 0) 

Z_non_linear[ 5 ]
(0 0) (0 1) (0 1) (0 0) (0 1) (1 0) (0 1) (1 0) 

Z_linear[ 6 ]
(0 0) (0 0) (1 0) (1 0) (0 1) (1 1) (1 0) (0 0) 

Z_non_linear[ 6 ]
(0 0) (0 0) (1 0) (1 0) (0 1) (0 1) (0 1) (0 0) 

Z_linear[ 7 ]
(0 0) (1 1) (0 0) (1 1) (0 0) (1 0) (0 0) (0 0) 

Z_non_linear[ 7 ]
(0 0) (0 1) (0 0) (0 1) (0 0) (1 0) (0 0) (0 0) 

Z_linear[ 8 ]
(0 0) (0 0) (1 0) (0 0) (1 1) (0 0) (0 0) (0 0) 

Z_non_linear[ 8 ]
(0 0) (0 0) (1 0) (0 0) (0 1) (0 0) (0 0) (0 0) 

Z_linear[ 9 ]
(0 0) (0 0) (0 0) (1 1) (0 0) (0 0) (0 0) (0 0) 

Z_non_linear[ 9 ]
(0 0) (0 0) (0 0) (0 1) (0 0) (0 0) (0 0) (0 0) 

Z_linear[ 10 ]
(0 0) (0 0) (0 0) (0 0) (1 0) (0 0) (0 0) (0 0) 

Z_non_linear[ 10 ]
(0 0) (0 0) (0 0) (0 0) (1 0) (0 0) (0 0) (0 0) 

Z_linear[ 11 ]
(0 0) (0 0) (0 0) (0 0) (0 0) (0 0) (0 1) (0 0) 

---------- Var Zg ----------
Zg[ 0 ]
0 0 0 0 0 0 0 0 

Zg[ 1 ]
1 0 0 0 0 0 0 0 

Zg[ 2 ]
1 0 0 0 0 0 0 0 

Zg[ 3 ]
1 0 0 0 0 0 1 0 

Zg[ 4 ]
0 0 0 0 0 1 1 0 

Zg[ 5 ]
0 1 0 0 0 0 1 0 

Zg[ 6 ]
0 0 0 0 0 1 1 0 

Zg[ 7 ]
0 1 0 1 0 0 0 0 

Zg[ 8 ]
0 0 0 0 1 0 0 0 

Zg[ 9 ]
0 0 0 1 0 0 0 0 

Zg[ 10 ]
0 0 0 0 0 0 0 0 

---------- Var M ----------
M_linear[ 0 ]
(1 1) (0 1) (0 0) (0 0) (0 0) (1 1) (1 1) (0 1) 

M_non_linear[ 0 ]
(1 0) (0 1) (0 0) (0 0) (0 0) (1 0) (1 0) (0 1) 

M_linear[ 1 ]
(0 0) (0 0) (1 1) (0 0) (0 1) (0 0) (0 0) (1 1) 

M_non_linear[ 1 ]
(0 0) (0 0) (1 0) (0 0) (0 1) (0 0) (0 0) (1 0) 

M_linear[ 2 ]
(0 0) (0 0) (0 0) (1 1) (0 0) (0 1) (0 0) (0 0) 

M_non_linear[ 2 ]
(0 0) (0 0) (0 0) (1 0) (0 0) (0 1) (0 0) (0 0) 

M_linear[ 3 ]
(0 0) (1 1) (0 0) (0 0) (0 0) (0 0) (0 0) (0 0) 

M_non_linear[ 3 ]
(0 0) (1 0) (0 0) (0 0) (0 0) (0 0) (0 0) (0 0) 

M_linear[ 4 ]
(0 1) (0 0) (0 0) (0 0) (0 0) (0 0) (0 0) (0 0) 

---------- Var O ----------
O_linear[ 0 ]
(1 0) (1 1) (1 1) (1 1) (1 0) (1 0) (1 0) (1 1) 

O_non_linear[ 0 ]
(0 0) (0 1) (0 1) (0 1) (1 0) (1 0) (0 0) (0 1) 

O_linear[ 1 ]
(0 0) (0 0) (1 0) (0 0) (1 1) (0 0) (1 1) (1 0) 

O_non_linear[ 1 ]
(0 0) (0 0) (0 0) (0 0) (0 1) (0 0) (0 1) (1 0) 

O_linear[ 2 ]
(0 0) (0 0) (0 0) (1 0) (0 0) (1 1) (0 0) (0 0) 

O_non_linear[ 2 ]
(0 0) (0 0) (0 0) (0 0) (0 0) (0 1) (0 0) (0 0) 

O_linear[ 3 ]
(0 0) (1 0) (0 0) (0 0) (0 0) (0 0) (0 0) (0 0) 

O_non_linear[ 3 ]
(0 0) (0 0) (0 0) (0 0) (0 0) (0 0) (0 0) (0 0) 

O_linear[ 4 ]
(0 0) (0 0) (0 0) (0 0) (0 0) (0 0) (0 0) (0 0) 

---------- Var W ----------
W_linear[ 0 ]
(0 0) (0 0) (0 0) (0 0) (0 0) (0 0) (0 1) (0 0) 

W_non_linear[ 0 ]
(0 0) (0 0) (0 0) (0 0) (0 0) (0 0) (1 1) (0 0) 

W_linear[ 1 ]
(0 0) (0 0) (0 0) (0 0) (0 0) (1 0) (0 0) (0 1) 

W_non_linear[ 1 ]
(0 0) (0 0) (0 0) (0 0) (0 0) (1 0) (0 0) (1 1) 

W_linear[ 2 ]
(0 0) (0 0) (0 0) (0 0) (0 1) (0 1) (0 0) (1 0) 

W_non_linear[ 2 ]
(0 0) (0 0) (0 0) (0 0) (1 1) (1 1) (0 0) (1 0) 

W_linear[ 3 ]
(0 0) (1 0) (0 0) (1 0) (0 1) (0 1) (0 1) (0 0) 

W_non_linear[ 3 ]
(0 0) (1 0) (0 0) (1 0) (1 1) (1 1) (1 1) (0 0) 

W_linear[ 4 ]
(0 1) (1 1) (0 0) (1 0) (0 1) (1 0) (0 1) (0 1) 

W_non_linear[ 4 ]
(1 1) (1 1) (0 0) (1 0) (1 1) (1 0) (1 1) (1 1) 

W_linear[ 5 ]
(1 1) (0 1) (1 1) (1 0) (0 1) (1 1) (0 1) (1 1) 

W_non_linear[ 5 ]
(1 1) (1 1) (1 1) (1 0) (1 1) (1 1) (1 1) (1 1) 

W_linear[ 6 ]
(1 1) (1 1) (1 1) (1 1) (0 1) (1 1) (1 1) (1 1) 

---------- Round Key Guess ----------
RK[ 0] | 1 1 1 1 0 1 1 1
RK[ 1] | 0 0 1 0 1 0 1 1
RK[ 2] | 0 0 0 1 0 1 0 0
RK[ 3] | 0 1 0 0 0 0 0 0
RK[15] | 0 0 0 0 0 0 1 0
RK[16] | 0 0 0 0 0 0 0 1
RK[17] | 0 0 0 0 1 1 0 0
RK[18] | 0 0 0 0 1 1 1 0
RK[19] | 1 1 0 0 1 0 1 1
RK[20] | 1 1 1 0 1 1 1 1
---------- Key Basis ----------
WK[0]: 0 0 0 0 0 0 0 0 0 0 0 0 0 0 0 0 0 0 0 0 

WK[1]: 0 0 0 0 0 0 0 0 0 0 0 0 0 0 0 0 0 0 0 0 

WK[2]: 0 0 0 0 0 0 0 0 0 0 0 0 0 0 0 0 0 0 0 0 

WK[3]: 0 0 0 0 0 0 0 0 0 0 0 0 0 0 0 0 0 0 0 0 

WK[4]: 0 1 0 0 0 0 0 0 0 0 0 0 0 0 0 0 0 0 0 0 

WK[5]: 0 0 0 0 0 0 0 0 0 0 0 0 0 0 0 0 0 0 0 0 

WK[6]: 0 0 0 0 0 0 0 0 0 0 0 0 0 0 0 0 0 0 0 0 

WK[7]: 0 0 0 0 0 0 0 0 0 0 0 0 0 0 0 0 0 0 0 0 

WK[8]: 0 0 0 0 0 0 0 0 0 0 0 0 0 0 0 0 0 0 0 0 

WK[9]: 0 0 0 0 0 0 0 0 1 0 0 0 0 0 0 0 0 0 0 0 

WK[10]: 1 1 1 1 0 0 1 1 0 0 1 1 1 1 0 1 0 0 1 0 

WK[11]: 0 0 0 0 0 0 0 0 0 0 0 0 1 1 0 0 0 0 0 0 

WK[12]: 0 0 0 0 0 0 0 0 0 0 0 0 0 0 0 0 1 0 0 0 

WK[13]: 0 0 1 0 0 0 0 0 0 0 0 0 0 0 0 0 0 0 0 0 

WK[14]: 0 0 0 0 0 0 0 0 0 0 0 0 0 0 0 0 0 0 0 0 

WK[15]: 0 0 0 0 0 0 0 0 1 0 0 0 0 0 0 0 0 0 0 0 

WK[16]: 0 0 0 0 0 0 0 0 0 0 0 0 0 0 0 0 0 0 0 0 

WK[17]: 0 0 0 0 0 0 0 0 0 0 0 0 0 0 0 0 0 0 0 0 

WK[18]: 0 0 0 0 0 0 0 0 0 0 0 0 0 0 0 0 0 0 0 0 

WK[19]: 0 0 0 0 0 0 0 0 0 0 0 0 0 0 0 0 0 0 0 0 

WK[20]: 0 0 0 0 0 0 0 0 0 0 0 0 0 0 0 0 0 0 0 0 

