Model Status: 2
Min_Obj: 188
******** Sol no.1    Obj = 188    Offline = 188    Online = 188    Data = 32 ********
******** Deg = 69 - 17 - 2 = 50    Key = 46    Plaintext Difference = 8 ********
******** Val_Con = 4    Kg = 43    St = 9    Kt = 5 ********
A = [ 0 10 ]    B = [ 13 ]
---------- Var X ----------
X_linear[ 0 ]
1 0 0 0
0 0 0 0
0 0 1 0
0 0 0 0
X_non_linear[ 0 ]
1 0 0 0
0 0 0 0
1 0 0 0
0 0 0 0
X_linear[ 1 ]
1 0 0 0
1 0 0 0
1 0 0 0
1 0 0 0
X_non_linear[ 1 ]
1 0 0 0
0 1 0 0
0 0 1 0
0 0 0 1
X_linear[ 2 ]
1 0 1 1
1 0 0 0
0 1 1 0
1 0 1 0
X_non_linear[ 2 ]
1 0 1 1
0 1 0 0
1 0 0 1
0 1 0 1
X_linear[ 3 ]
1 1 1 1
1 0 1 1
1 1 0 1
1 0 1 1
X_non_linear[ 3 ]
1 1 1 1
1 1 0 1
0 1 1 1
0 1 1 1
X_linear[ 4 ]
1 1 1 1
1 1 1 1
1 1 1 1
1 1 1 1
X_non_linear[ 4 ]
1 1 1 1
1 1 1 1
1 1 1 1
1 1 1 1
X_linear[ 5 ]
1 1 1 1
1 1 1 1
1 1 1 1
1 1 1 1
X_non_linear[ 5 ]
1 1 1 1
1 1 1 1
1 1 1 1
1 1 1 1
X_linear[ 6 ]
1 1 1 1
1 1 1 1
1 1 1 1
1 1 1 1
X_non_linear[ 6 ]
1 1 1 1
1 1 1 1
1 1 1 1
1 1 1 1
X_linear[ 7 ]
1 1 1 1
1 1 1 1
1 1 1 1
1 1 1 1
X_non_linear[ 7 ]
1 1 1 1
1 1 1 1
1 1 1 1
1 1 1 1
X_linear[ 8 ]
1 1 1 1
1 1 1 1
1 1 1 1
1 1 1 1
X_non_linear[ 8 ]
1 1 1 1
1 1 1 1
1 1 1 1
1 1 1 1
X_linear[ 9 ]
1 1 1 1
1 1 1 1
1 1 1 1
1 1 1 1
---------- Var Y ----------
Y_linear[ 0 ]
1 1 1 1
1 1 1 1
1 1 1 1
1 1 1 1
Y_non_linear[ 0 ]
1 1 1 1
1 1 1 1
1 1 1 1
1 1 1 1
Y_linear[ 1 ]
1 1 1 1
1 1 1 1
1 1 1 1
1 1 1 1
Y_non_linear[ 1 ]
1 1 1 1
1 1 1 1
1 1 1 1
1 1 1 1
Y_linear[ 2 ]
1 1 1 1
1 1 1 1
1 1 1 1
1 1 1 1
Y_non_linear[ 2 ]
1 1 1 1
1 1 1 1
1 1 1 1
1 1 1 1
Y_linear[ 3 ]
1 1 1 1
1 1 1 1
1 1 1 1
1 1 1 1
Y_non_linear[ 3 ]
1 1 1 1
1 1 1 1
1 1 1 1
1 1 1 1
Y_linear[ 4 ]
1 1 1 1
1 1 1 1
1 1 1 1
0 1 1 1
Y_non_linear[ 4 ]
1 1 1 1
1 1 1 1
1 1 1 1
1 1 1 0
Y_linear[ 5 ]
1 1 1 0
1 0 1 1
1 1 1 1
0 0 1 1
Y_non_linear[ 5 ]
1 1 1 0
1 1 0 1
1 1 1 1
0 1 1 0
Y_linear[ 6 ]
0 1 1 0
1 0 1 0
1 1 0 1
0 0 1 0
Y_non_linear[ 6 ]
0 1 1 0
0 1 0 1
0 1 1 1
0 1 0 0
Y_linear[ 7 ]
0 1 0 0
0 0 1 0
0 1 0 1
0 0 1 0
Y_non_linear[ 7 ]
0 1 0 0
0 0 0 1
0 1 0 1
0 1 0 0
Y_linear[ 8 ]
0 1 0 0
0 0 0 0
0 0 0 1
0 0 0 0
Y_non_linear[ 8 ]
0 1 0 0
0 0 0 0
0 1 0 0
0 0 0 0
Y_linear[ 9 ]
0 0 0 0
0 0 0 0
0 0 0 0
0 1 0 0
---------- Var Z ----------
Z[ 0 ]
1 0 0 0
0 0 0 0
0 0 1 0
0 0 0 0
Z[ 1 ]
1 0 0 0
1 0 0 0
1 0 0 0
1 0 0 0
Z[ 2 ]
1 0 1 1
1 0 0 0
0 1 1 0
1 0 1 0
Z[ 3 ]
1 1 1 1
1 0 1 1
1 1 0 1
1 0 1 1
Z[ 4 ]
1 1 1 1
1 1 1 1
1 1 1 1
0 1 1 1
Z[ 5 ]
1 1 1 0
1 0 1 1
1 1 1 1
0 0 1 1
Z[ 6 ]
0 1 1 0
1 0 1 0
1 1 0 1
0 0 1 0
Z[ 7 ]
0 1 0 0
0 0 1 0
0 1 0 1
0 0 1 0
Z[ 8 ]
0 1 0 0
0 0 0 0
0 0 0 1
0 0 0 0
Z[ 9 ]
0 0 0 0
0 0 0 0
0 0 0 0
0 1 0 0
---------- Key V ----------
Key_V[ 0 ]
1 0 0 0
0 0 0 0
Key_V[ 1 ]
1 0 0 0
0 0 0 0
Key_V[ 2 ]
1 0 1 1
0 0 0 0
Key_V[ 3 ]
1 1 1 1
1 0 1 0
Key_V[ 4 ]
1 1 1 1
1 1 1 1
Key_V[ 5 ]
1 1 1 0
1 0 1 1
Key_V[ 6 ]
0 1 1 0
1 0 1 0
Key_V[ 7 ]
0 1 0 0
0 0 1 0
---------- Var M ----------
M_linear[ 0 ]
1 0 0 0
0 1 1 1
1 0 1 0
0 0 1 1
M_non_linear[ 0 ]
1 0 0 0
1 0 1 1
1 0 1 0
0 1 1 0
M_linear[ 1 ]
0 1 0 0
1 0 0 0
0 0 0 1
0 0 1 0
M_non_linear[ 1 ]
0 1 0 0
0 1 0 0
0 1 0 0
0 1 0 0
M_linear[ 2 ]
0 0 0 0
0 1 0 0
0 0 0 0
0 1 0 0
M_non_linear[ 2 ]
0 0 0 0
0 0 1 0
0 0 0 0
1 0 0 0
M_linear[ 3 ]
1 0 0 0
0 0 0 0
0 0 1 0
0 0 0 0
---------- Var O ----------
O_linear[ 0 ]
1 1 1 0
0 1 1 1
1 1 1 1
0 0 1 1
O_non_linear[ 0 ]
1 1 1 0
0 0 0 1
0 1 1 1
0 1 0 0
O_linear[ 1 ]
0 1 0 0
1 0 0 0
0 0 0 1
0 0 1 0
O_non_linear[ 1 ]
0 1 0 0
0 0 0 0
0 1 0 0
0 0 0 0
O_linear[ 2 ]
0 0 0 0
0 1 0 0
0 0 0 0
0 1 0 0
---------- Var W ----------
W_linear[ 0 ]
0 0 0 0
0 0 0 0
0 0 0 0
0 1 0 0
W_non_linear[ 0 ]
0 0 0 0
0 0 0 0
0 0 0 0
1 0 0 0
W_linear[ 1 ]
1 0 0 0
0 0 0 0
0 0 0 0
1 0 0 0
W_non_linear[ 1 ]
1 0 0 0
0 0 0 0
0 0 0 0
0 0 0 1
W_linear[ 2 ]
0 0 0 1
1 0 0 0
0 0 0 0
0 0 0 1
W_non_linear[ 2 ]
0 0 0 1
0 1 0 0
0 0 0 0
0 0 1 0
W_linear[ 3 ]
0 0 1 0
0 1 0 1
0 1 0 0
0 1 1 0
W_non_linear[ 3 ]
0 0 1 0
1 0 1 0
0 0 0 1
1 1 0 0
W_linear[ 4 ]
1 1 0 0
1 0 1 1
1 0 1 0
1 1 1 1
W_non_linear[ 4 ]
1 1 0 0
1 1 0 1
1 0 1 0
1 1 1 1
W_linear[ 5 ]
1 1 1 1
1 1 1 1
1 1 0 1
1 1 1 1
W_non_linear[ 5 ]
1 1 1 1
1 1 1 1
0 1 1 1
1 1 1 1
W_linear[ 6 ]
1 1 1 1
1 1 1 1
1 1 1 1
1 1 1 1
W_non_linear[ 6 ]
1 1 1 1
1 1 1 1
1 1 1 1
1 1 1 1
W_linear[ 7 ]
1 1 1 1
1 1 1 1
1 1 1 1
1 1 1 1
W_non_linear[ 7 ]
1 1 1 1
1 1 1 1
1 1 1 1
1 1 1 1
W_linear[ 8 ]
1 1 1 1
1 1 1 1
1 1 1 1
1 1 1 1
W_non_linear[ 8 ]
1 1 1 1
1 1 1 1
1 1 1 1
1 1 1 1
W_linear[ 9 ]
1 1 1 1
1 1 1 1
1 1 1 1
1 1 1 1
W_non_linear[ 9 ]
1 1 1 1
1 1 1 1
1 1 1 1
1 1 1 1
W_linear[ 10 ]
1 1 1 1
1 1 1 1
1 1 1 1
1 1 1 1
---------- Var D ----------
D_linear[ 0 ]
0 0 0 0
0 0 0 0
0 0 0 0
0 0 0 0
D_non_linear[ 0 ]
0 0 0 0
0 0 0 0
0 0 0 0
0 0 0 0
D_linear[ 1 ]
1 0 0 0
0 0 0 0
0 0 0 0
0 0 0 0
D_non_linear[ 1 ]
1 0 0 0
0 0 0 0
0 0 0 0
0 0 0 0
D_linear[ 2 ]
0 0 0 0
1 0 0 0
0 0 0 1
0 0 0 0
D_non_linear[ 2 ]
0 1 0 0
0 1 0 0
0 1 0 0
0 0 0 0
D_linear[ 3 ]
0 0 1 0
0 1 0 0
1 1 0 0
0 1 0 0
D_non_linear[ 3 ]
0 0 1 1
0 0 1 1
0 0 1 1
1 0 0 0
D_linear[ 4 ]
1 1 0 0
0 0 1 1
0 1 1 1
1 0 1 1
D_non_linear[ 4 ]
1 1 0 1
1 1 0 1
1 1 0 1
0 1 1 1
D_linear[ 5 ]
0 1 1 1
1 1 0 1
1 1 1 1
1 1 1 1
D_non_linear[ 5 ]
1 1 1 1
1 1 1 1
1 1 1 1
1 1 1 1
D_linear[ 6 ]
1 1 1 1
1 1 1 1
1 1 1 1
1 1 1 1
D_non_linear[ 6 ]
1 1 1 1
1 1 1 1
1 1 1 1
1 1 1 1
D_linear[ 7 ]
1 1 1 1
1 1 1 1
1 1 1 1
1 1 1 1
D_non_linear[ 7 ]
1 1 1 1
1 1 1 1
1 1 1 1
1 1 1 1
D_linear[ 8 ]
1 1 1 1
1 1 1 1
1 1 1 1
1 1 1 1
D_non_linear[ 8 ]
1 1 1 1
1 1 1 1
1 1 1 1
1 1 1 1
D_linear[ 9 ]
1 1 1 1
1 1 1 1
1 1 1 1
1 1 1 1
D_non_linear[ 9 ]
1 1 1 1
1 1 1 1
1 1 1 1
1 1 1 1
D_linear[ 10 ]
1 1 1 1
1 1 1 1
1 1 1 1
1 1 1 1
---------- Key D ----------
Key_D[ 0 ]
0 0 0 0
0 0 0 0
Key_D[ 1 ]
1 0 0 1
0 1 1 0
Key_D[ 2 ]
0 0 0 1
1 0 0 0
Key_D[ 3 ]
1 0 1 0
0 1 0 0
Key_D[ 4 ]
1 1 0 0
0 0 1 1
Key_D[ 5 ]
0 1 1 1
1 1 0 1
Key_D[ 6 ]
1 1 1 1
1 1 1 1
Key_D[ 7 ]
1 1 1 1
1 1 1 1
Key_D[ 8 ]
1 1 1 1
1 1 1 1
Key_D[ 9 ]
1 1 1 1
1 1 1 1
---------- Var H ----------
H_linear[ 0 ]
0 0 0 0
0 0 0 0
0 0 0 0
0 1 0 0
H_non_linear[ 0 ]
0 0 0 0
0 0 0 0
0 0 0 0
1 0 0 0
H_linear[ 1 ]
1 0 0 0
0 0 0 0
0 0 0 0
1 0 0 0
H_non_linear[ 1 ]
0 0 0 0
0 0 0 0
0 0 0 0
0 0 0 1
H_linear[ 2 ]
0 0 0 1
0 0 0 0
0 0 0 0
0 0 0 1
H_non_linear[ 2 ]
0 0 0 1
0 0 0 0
0 0 0 0
0 0 1 0
H_linear[ 3 ]
0 0 1 0
0 0 0 1
0 0 0 0
0 0 1 0
H_non_linear[ 3 ]
0 0 0 0
1 0 0 0
0 0 0 0
0 1 0 0
H_linear[ 4 ]
0 1 0 0
1 0 0 0
1 0 0 0
1 1 0 0
H_non_linear[ 4 ]
0 0 0 0
0 1 0 0
0 0 1 0
1 0 0 0
H_linear[ 5 ]
1 0 0 0
0 0 1 0
0 0 0 0
1 0 1 0
H_non_linear[ 5 ]
1 0 0 0
0 0 0 1
0 0 0 0
0 0 0 0
H_linear[ 6 ]
0 0 0 0
0 0 0 0
0 0 0 0
0 0 0 0
H_non_linear[ 6 ]
0 0 0 0
0 0 0 0
0 0 0 0
0 0 0 0
H_linear[ 7 ]
0 0 0 0
0 0 0 0
0 0 0 0
0 0 0 0
H_non_linear[ 7 ]
0 0 0 0
0 0 0 0
0 0 0 0
0 0 0 0
H_linear[ 8 ]
0 0 0 0
0 0 0 0
0 0 0 0
0 0 0 0
H_non_linear[ 8 ]
0 0 0 0
0 0 0 0
0 0 0 0
0 0 0 0
H_linear[ 9 ]
0 0 0 0
0 0 0 0
0 0 0 0
0 0 0 0
H_non_linear[ 9 ]
0 0 0 0
0 0 0 0
0 0 0 0
0 0 0 0
H_linear[ 10 ]
0 0 0 0
0 0 0 0
0 0 0 0
0 0 0 0
---------- Key H ----------
Key_H[ 0 ]
0 0 0 0
0 0 0 0
Key_H[ 1 ]
0 0 0 0
0 0 0 0
Key_H[ 2 ]
0 0 0 1
0 0 0 0
Key_H[ 3 ]
0 0 0 0
0 0 0 1
Key_H[ 4 ]
0 0 0 0
1 0 0 0
Key_H[ 5 ]
1 0 0 0
0 0 1 0
Key_H[ 6 ]
0 0 0 0
0 0 0 0
Key_H[ 7 ]
0 0 0 0
0 0 0 0
Key_H[ 8 ]
0 0 0 0
0 0 0 0
Key_H[ 9 ]
0 0 0 0
0 0 0 0
---------- Con ----------
con[ 0 ] : 1 0 0 0
con[ 1 ] : 0 0 0 0
con[ 2 ] : 1 0 0 2
con[ 3 ] : 0 2 2 2
con[ 4 ] : 1 0 2 1
con[ 5 ] : 0 0 2 0
con[ 6 ] : 0 0 1 0
con[ 7 ] : 0 0 0 0
con[ 8 ] : 0 0 0 0
---------- Key-Bridge ----------
4 4 3 2 3 2 5 4 3 3 5 3 3 4 3 5 
---------- Key-Dependent-Seive ----------
1 2 0 2 3 2 1 4 1 1 1 3 3 2 1 4 
