Model Status: 2
Min_Obj: 372
******** Sol no.1    Obj = 372    Offline = 372    Online = 372    Data = 64 ********
******** Deg = 60 - 11 - 0 = 49    Key = 46    Plaintext Difference = 8 ********
******** Val_Con = 3    Kg = 43    St = 9    Kt = 6 ********
A = [ 9 ]    B = [ 8 ]
---------- Var X ----------
X_linear[ 0 ]
0 0 0 0
0 0 0 0
0 1 0 0
0 0 0 0
X_non_linear[ 0 ]
0 0 0 0
0 0 0 0
0 0 0 1
0 0 0 0
X_linear[ 1 ]
0 0 0 1
0 0 0 0
0 0 0 1
0 0 0 1
X_non_linear[ 1 ]
0 0 0 1
0 0 0 0
0 1 0 0
0 0 1 0
X_linear[ 2 ]
0 1 1 1
0 0 0 1
0 1 0 0
0 1 0 1
X_non_linear[ 2 ]
0 1 1 1
1 0 0 0
0 0 0 1
1 0 1 0
X_linear[ 3 ]
1 1 1 1
0 1 1 1
1 0 0 1
0 1 1 1
X_non_linear[ 3 ]
1 1 1 1
1 0 1 1
0 1 1 0
1 1 1 0
X_linear[ 4 ]
1 1 1 1
1 1 1 1
1 1 1 1
1 1 1 1
X_non_linear[ 4 ]
1 1 1 1
1 1 1 1
1 1 1 1
1 1 1 1
X_linear[ 5 ]
1 1 1 1
1 1 1 1
1 1 1 1
1 1 1 1
X_non_linear[ 5 ]
1 1 1 1
1 1 1 1
1 1 1 1
1 1 1 1
X_linear[ 6 ]
1 1 1 1
1 1 1 1
1 1 1 1
1 1 1 1
X_non_linear[ 6 ]
1 1 1 1
1 1 1 1
1 1 1 1
1 1 1 1
X_linear[ 7 ]
1 1 1 1
1 1 1 1
1 1 1 1
1 1 1 1
X_non_linear[ 7 ]
1 1 1 1
1 1 1 1
1 1 1 1
1 1 1 1
X_linear[ 8 ]
1 1 1 1
1 1 1 1
1 1 1 1
1 1 1 1
X_non_linear[ 8 ]
1 1 1 1
1 1 1 1
1 1 1 1
1 1 1 1
X_linear[ 9 ]
1 1 1 1
1 1 1 1
1 1 1 1
1 1 1 1
---------- Var Y ----------
Y_linear[ 0 ]
1 1 1 1
1 1 1 1
1 1 1 1
1 1 1 1
Y_non_linear[ 0 ]
1 1 1 1
1 1 1 1
1 1 1 1
1 1 1 1
Y_linear[ 1 ]
1 1 1 1
1 1 1 1
1 1 1 1
1 1 1 1
Y_non_linear[ 1 ]
1 1 1 1
1 1 1 1
1 1 1 1
1 1 1 1
Y_linear[ 2 ]
1 1 1 1
1 1 1 1
1 1 1 1
1 1 1 1
Y_non_linear[ 2 ]
1 1 1 1
1 1 1 1
1 1 1 1
1 1 1 1
Y_linear[ 3 ]
1 1 1 1
1 1 1 1
1 1 1 1
1 1 1 1
Y_non_linear[ 3 ]
1 1 1 1
1 1 1 1
1 1 1 1
1 1 1 1
Y_linear[ 4 ]
1 1 1 1
1 1 1 1
1 1 1 1
1 1 1 0
Y_non_linear[ 4 ]
1 1 1 1
1 1 1 1
1 1 1 1
1 1 0 1
Y_linear[ 5 ]
1 1 0 1
1 1 0 0
1 1 1 1
1 0 1 0
Y_non_linear[ 5 ]
1 1 0 1
0 1 1 0
1 1 1 1
0 1 0 1
Y_linear[ 6 ]
0 1 0 1
0 0 0 1
0 1 1 0
1 0 0 0
Y_non_linear[ 6 ]
0 1 0 1
1 0 0 0
1 0 0 1
0 0 0 1
Y_linear[ 7 ]
0 0 0 1
0 1 0 0
1 0 0 0
0 0 0 0
Y_non_linear[ 7 ]
0 0 0 1
0 0 1 0
0 0 1 0
0 0 0 0
Y_linear[ 8 ]
0 0 0 0
0 0 0 1
0 0 1 0
0 0 0 0
Y_non_linear[ 8 ]
0 0 0 0
1 0 0 0
1 0 0 0
0 0 0 0
Y_linear[ 9 ]
0 0 0 0
0 0 0 0
1 0 0 0
0 0 0 0
---------- Var Z ----------
Z[ 0 ]
0 0 0 0
0 0 0 0
0 1 0 0
0 0 0 0
Z[ 1 ]
0 0 0 1
0 0 0 0
0 0 0 1
0 0 0 1
Z[ 2 ]
0 1 1 1
0 0 0 1
0 1 0 0
0 1 0 1
Z[ 3 ]
1 1 1 1
0 1 1 1
1 0 0 1
0 1 1 1
Z[ 4 ]
1 1 1 1
1 1 1 1
1 1 1 1
1 1 1 0
Z[ 5 ]
1 1 0 1
1 1 0 0
1 1 1 1
1 0 1 0
Z[ 6 ]
0 1 0 1
0 0 0 1
0 1 1 0
1 0 0 0
Z[ 7 ]
0 0 0 1
0 1 0 0
1 0 0 0
0 0 0 0
Z[ 8 ]
0 0 0 0
0 0 0 1
0 0 1 0
0 0 0 0
Z[ 9 ]
0 0 0 0
0 0 0 0
1 0 0 0
0 0 0 0
---------- Key V ----------
Key_V[ 0 ]
0 0 0 0
0 0 0 0
Key_V[ 1 ]
0 0 0 1
0 0 0 0
Key_V[ 2 ]
0 1 1 1
0 0 0 0
Key_V[ 3 ]
1 1 1 1
0 1 0 1
Key_V[ 4 ]
1 1 1 1
1 1 1 1
Key_V[ 5 ]
1 1 0 1
1 1 0 0
Key_V[ 6 ]
0 1 0 1
0 0 0 1
Key_V[ 7 ]
0 0 0 1
0 1 0 0
---------- Var M ----------
M_linear[ 0 ]
0 1 1 0
1 1 0 0
1 0 0 1
1 0 1 0
M_non_linear[ 0 ]
0 1 1 0
0 1 1 0
0 1 1 0
0 1 0 1
M_linear[ 1 ]
0 0 0 1
0 1 1 0
0 1 0 0
0 1 0 0
M_non_linear[ 1 ]
0 0 0 1
0 0 1 1
0 0 0 1
1 0 0 0
M_linear[ 2 ]
1 0 0 0
0 0 0 1
0 0 1 0
0 0 0 0
M_non_linear[ 2 ]
1 0 0 0
1 0 0 0
1 0 0 0
0 0 0 0
M_linear[ 3 ]
0 0 0 0
1 0 0 0
0 0 0 0
0 0 0 0
M_non_linear[ 3 ]
0 0 0 0
0 1 0 0
0 0 0 0
0 0 0 0
M_linear[ 4 ]
0 0 0 0
0 0 0 0
0 1 0 0
0 0 0 0
---------- Var O ----------
O_linear[ 0 ]
1 1 1 1
1 1 0 1
1 1 1 1
1 1 1 0
O_non_linear[ 0 ]
1 1 1 1
1 1 1 0
1 1 1 1
1 0 0 1
O_linear[ 1 ]
1 0 0 1
0 1 1 0
1 1 1 0
0 1 0 0
O_non_linear[ 1 ]
1 0 0 1
0 0 1 0
1 0 1 0
1 0 0 0
O_linear[ 2 ]
1 0 0 0
0 0 0 1
0 0 1 0
0 0 0 0
O_non_linear[ 2 ]
1 0 0 0
0 0 0 0
0 0 0 0
0 0 0 0
O_linear[ 3 ]
0 0 0 0
1 0 0 0
0 0 0 0
0 0 0 0
---------- Var W ----------
W_linear[ 0 ]
0 0 0 0
0 0 0 0
1 0 0 0
0 0 0 0
W_non_linear[ 0 ]
0 0 0 0
0 0 0 0
0 0 1 0
0 0 0 0
W_linear[ 1 ]
0 0 0 0
0 0 1 0
0 0 0 0
0 0 1 0
W_non_linear[ 1 ]
0 0 0 0
0 0 0 1
0 0 0 0
0 1 0 0
W_linear[ 2 ]
0 1 0 0
0 0 0 1
0 0 0 1
0 1 0 1
W_non_linear[ 2 ]
0 1 0 0
1 0 0 0
0 1 0 0
1 0 1 0
W_linear[ 3 ]
1 0 1 0
1 1 0 0
1 0 0 0
1 1 1 0
W_non_linear[ 3 ]
1 0 1 0
0 1 1 0
0 0 1 0
1 1 0 1
W_linear[ 4 ]
1 1 0 1
1 1 1 0
0 1 1 0
1 1 1 1
W_non_linear[ 4 ]
1 1 0 1
0 1 1 1
1 0 0 1
1 1 1 1
W_linear[ 5 ]
1 1 1 1
1 1 1 1
0 1 1 1
1 1 1 1
W_non_linear[ 5 ]
1 1 1 1
1 1 1 1
1 1 0 1
1 1 1 1
W_linear[ 6 ]
1 1 1 1
1 1 1 1
1 1 1 1
1 1 1 1
W_non_linear[ 6 ]
1 1 1 1
1 1 1 1
1 1 1 1
1 1 1 1
W_linear[ 7 ]
1 1 1 1
1 1 1 1
1 1 1 1
1 1 1 1
W_non_linear[ 7 ]
1 1 1 1
1 1 1 1
1 1 1 1
1 1 1 1
W_linear[ 8 ]
1 1 1 1
1 1 1 1
1 1 1 1
1 1 1 1
W_non_linear[ 8 ]
1 1 1 1
1 1 1 1
1 1 1 1
1 1 1 1
W_linear[ 9 ]
1 1 1 1
1 1 1 1
1 1 1 1
1 1 1 1
W_non_linear[ 9 ]
1 1 1 1
1 1 1 1
1 1 1 1
1 1 1 1
W_linear[ 10 ]
1 1 1 1
1 1 1 1
1 1 1 1
1 1 1 1
---------- Var D ----------
D_linear[ 0 ]
0 0 0 0
0 0 0 0
0 0 0 0
0 0 0 0
D_non_linear[ 0 ]
0 0 0 0
0 0 0 0
0 0 0 0
0 0 0 0
D_linear[ 1 ]
0 0 0 0
0 0 0 0
0 0 0 0
0 0 0 0
D_non_linear[ 1 ]
0 0 0 0
0 0 0 0
0 0 0 0
0 0 0 0
D_linear[ 2 ]
0 1 0 0
0 0 0 0
0 0 1 1
0 0 1 0
D_non_linear[ 2 ]
1 1 0 0
1 0 0 0
1 1 0 0
0 1 0 0
D_linear[ 3 ]
0 1 1 0
1 1 0 0
1 0 0 1
1 1 0 0
D_non_linear[ 3 ]
0 1 1 0
0 1 1 0
0 1 1 0
1 0 0 1
D_linear[ 4 ]
1 0 0 1
0 1 1 0
1 1 1 0
1 1 1 1
D_non_linear[ 4 ]
1 0 1 1
1 0 1 1
1 0 1 1
1 1 1 1
D_linear[ 5 ]
1 1 1 1
1 0 1 1
1 1 1 1
1 1 1 1
D_non_linear[ 5 ]
1 1 1 1
1 1 1 1
1 1 1 1
1 1 1 1
D_linear[ 6 ]
1 1 1 1
1 1 1 1
1 1 1 1
1 1 1 1
D_non_linear[ 6 ]
1 1 1 1
1 1 1 1
1 1 1 1
1 1 1 1
D_linear[ 7 ]
1 1 1 1
1 1 1 1
1 1 1 1
1 1 1 1
D_non_linear[ 7 ]
1 1 1 1
1 1 1 1
1 1 1 1
1 1 1 1
D_linear[ 8 ]
1 1 1 1
1 1 1 1
1 1 1 1
1 1 1 1
D_non_linear[ 8 ]
1 1 1 1
1 1 1 1
1 1 1 1
1 1 1 1
D_linear[ 9 ]
1 1 1 1
1 1 1 1
1 1 1 1
1 1 1 1
D_non_linear[ 9 ]
1 1 1 1
1 1 1 1
1 1 1 1
1 1 1 1
D_linear[ 10 ]
1 1 1 1
1 1 1 1
1 1 1 1
1 1 1 1
---------- Key D ----------
Key_D[ 0 ]
0 0 0 0
0 0 0 0
Key_D[ 1 ]
1 0 0 0
0 0 0 1
Key_D[ 2 ]
0 1 0 0
0 0 0 0
Key_D[ 3 ]
1 1 1 0
1 1 0 1
Key_D[ 4 ]
1 0 0 1
0 1 1 0
Key_D[ 5 ]
1 1 1 1
1 0 1 1
Key_D[ 6 ]
1 1 1 1
1 1 1 1
Key_D[ 7 ]
1 1 1 1
1 1 1 1
Key_D[ 8 ]
1 1 1 1
1 1 1 1
Key_D[ 9 ]
1 1 1 1
1 1 1 1
---------- Var H ----------
H_linear[ 0 ]
0 0 0 0
0 0 0 0
1 0 0 0
0 0 0 0
H_non_linear[ 0 ]
0 0 0 0
0 0 0 0
0 0 1 0
0 0 0 0
H_linear[ 1 ]
0 0 0 0
0 0 1 0
0 0 0 0
0 0 1 0
H_non_linear[ 1 ]
0 0 0 0
0 0 0 1
0 0 0 0
0 1 0 0
H_linear[ 2 ]
0 1 0 0
0 0 0 1
0 0 0 1
0 1 0 1
H_non_linear[ 2 ]
0 0 0 0
1 0 0 0
0 0 0 0
1 0 1 0
H_linear[ 3 ]
1 0 1 0
0 0 0 0
0 0 0 0
1 0 1 0
H_non_linear[ 3 ]
1 0 0 0
0 0 0 0
0 0 0 0
0 1 0 0
H_linear[ 4 ]
0 1 0 0
1 0 0 0
0 0 0 0
0 1 0 0
H_non_linear[ 4 ]
0 1 0 0
0 1 0 0
0 0 0 0
0 0 0 0
H_linear[ 5 ]
0 0 0 0
0 1 0 0
0 1 0 0
0 1 0 0
H_non_linear[ 5 ]
0 0 0 0
0 0 1 0
0 0 0 0
0 0 0 0
H_linear[ 6 ]
0 0 0 0
0 0 0 0
0 0 0 0
0 0 0 0
H_non_linear[ 6 ]
0 0 0 0
0 0 0 0
0 0 0 0
0 0 0 0
H_linear[ 7 ]
0 0 0 0
0 0 0 0
0 0 0 0
0 0 0 0
H_non_linear[ 7 ]
0 0 0 0
0 0 0 0
0 0 0 0
0 0 0 0
H_linear[ 8 ]
0 0 0 0
0 0 0 0
0 0 0 0
0 0 0 0
H_non_linear[ 8 ]
0 0 0 0
0 0 0 0
0 0 0 0
0 0 0 0
H_linear[ 9 ]
0 0 0 0
0 0 0 0
0 0 0 0
0 0 0 0
H_non_linear[ 9 ]
0 0 0 0
0 0 0 0
0 0 0 0
0 0 0 0
H_linear[ 10 ]
0 0 0 0
0 0 0 0
0 0 0 0
0 0 0 0
---------- Key H ----------
Key_H[ 0 ]
0 0 0 0
0 0 0 0
Key_H[ 1 ]
0 0 0 0
0 0 1 0
Key_H[ 2 ]
0 0 0 0
0 0 0 1
Key_H[ 3 ]
1 0 0 0
0 0 0 0
Key_H[ 4 ]
0 1 0 0
1 0 0 0
Key_H[ 5 ]
0 0 0 0
0 1 0 0
Key_H[ 6 ]
0 0 0 0
0 0 0 0
Key_H[ 7 ]
0 0 0 0
0 0 0 0
Key_H[ 8 ]
0 0 0 0
0 0 0 0
Key_H[ 9 ]
0 0 0 0
0 0 0 0
---------- Con ----------
con[ 0 ] : 0 0 0 0
con[ 1 ] : 0 0 0 0
con[ 2 ] : 0 0 1 1
con[ 3 ] : 1 2 2 0
con[ 4 ] : 2 1 0 0
con[ 5 ] : 0 0 0 1
con[ 6 ] : 0 0 0 0
con[ 7 ] : 0 0 0 0
con[ 8 ] : 0 0 0 0
---------- Key-Bridge ----------
5 5 5 4 5 6 3 4 2 5 3 2 3 4 4 4 
---------- Key-Dependent-Seive ----------
2 1 2 1 3 2 1 2 2 2 1 2 3 1 2 1 
